Idx	Dataset	StartIdx	EndIdx	NumPts	X	Y	Z
0	2015-02-03-08-45-10	1422953150704263	1422953209643389	41833	-31.682714	859.856104	2.930032
1	2015-02-03-08-45-10	1422953154717253	1422953208121774	36958	-33.983335	861.085464	2.862016
2	2015-02-03-08-45-10	1422953177746807	1422953208141802	31494	-36.877428	852.558698	2.860904
3	2015-02-03-08-45-10	1422953184479118	1422953208442227	29933	-35.799672	844.433487	2.834984
4	2015-02-03-08-45-10	1422953200086454	1422953209603366	32985	-29.609640	828.387903	2.986301
5	2015-02-03-08-45-10	1422953201930284	1422953211183358	32532	-25.018984	817.381999	3.096421
6	2015-02-03-08-45-10	1422953203555074	1422953212825233	33403	-20.580656	807.035136	3.181869
7	2015-02-03-08-45-10	1422953205118386	1422953214534648	35815	-16.740546	797.792763	3.263236
8	2015-02-03-08-45-10	1422953206639544	1422953216243619	37929	-13.426267	788.934583	3.327751
9	2015-02-03-08-45-10	1422953208121774	1422953217948512	37217	-10.142428	779.988870	3.238396
10	2015-02-03-08-45-10	1422953209663406	1422953219597656	38176	-7.012575	771.342162	3.155567
11	2015-02-03-08-45-10	1422953211243313	1422953221223475	39265	-3.801574	762.054721	3.070629
12	2015-02-03-08-45-10	1422953212885437	1422953222869194	39715	-0.549198	752.452244	2.976161
13	2015-02-03-08-45-10	1422953214595048	1422953224716134	39190	2.414992	742.658497	2.987770
14	2015-02-03-08-45-10	1422953216283830	1422953226977043	41353	5.871439	731.960601	2.963521
15	2015-02-03-08-45-10	1422953217988777	1422953229465635	42766	9.140574	721.456501	3.019202
16	2015-02-03-08-45-10	1422953219637847	1422953231573186	44289	12.211040	712.456020	3.092353
17	2015-02-03-08-45-10	1422953221263537	1422953233478332	45427	15.056159	703.987802	3.152831
18	2015-02-03-08-45-10	1422953222929527	1422953235240657	44449	17.788797	695.887648	3.241517
19	2015-02-03-08-45-10	1422953224776260	1422953236923736	43585	20.850192	687.995050	3.277989
20	2015-02-03-08-45-10	1422953227057185	1422953238668846	42340	24.771360	678.793543	3.358723
21	2015-02-03-08-45-10	1422953229545874	1422953240615995	41889	29.471572	668.294173	3.471312
22	2015-02-03-08-45-10	1422953231633426	1422953242500010	39508	33.809674	658.445063	3.497389
23	2015-02-03-08-45-10	1422953233538455	1422953244346950	40423	38.680147	648.691902	3.605617
24	2015-02-03-08-45-10	1422953235280771	1422953246193378	40477	43.441256	639.631334	3.707499
25	2015-02-03-08-45-10	1422953236963799	1422953248160869	42902	48.126593	631.041528	3.785133
26	2015-02-03-08-45-10	1422953238709027	1422953250124897	40756	52.249761	622.136295	3.879998
27	2015-02-03-08-45-10	1422953240636067	1422953252066891	42023	56.412998	612.714099	3.951286
28	2015-02-03-08-45-10	1422953242540103	1422953254091275	40202	60.366462	603.956938	3.940940
29	2015-02-03-08-45-10	1422953244387185	1422953256553814	35145	64.694335	593.637906	3.914442
30	2015-02-03-08-45-10	1422953246253682	1422953275407804	56450	82.381572	601.483665	3.286491
31	2015-02-03-08-45-10	1422953248221085	1422953274524458	52250	83.768149	598.436461	3.237561
32	2015-02-03-08-45-10	1422953250184932	1422953273581823	47912	85.281183	595.703340	3.162729
33	2015-02-03-08-45-10	1422953252126921	1422953272580981	43917	86.869569	593.179272	3.067757
34	2015-02-03-08-45-10	1422953254171375	1422953271537645	39546	88.496747	591.419698	3.030871
35	2015-02-03-08-45-10	1422953256653744	1422953270512248	35572	90.981541	591.464837	2.829744
36	2015-02-03-08-45-10	1422953260139589	1422953270270606	36228	93.068869	597.499998	2.870879
37	2015-02-03-08-45-10	1422953262584114	1422953271356770	39638	92.781854	608.390537	3.009699
38	2015-02-03-08-45-10	1422953264264786	1422953272681004	39992	92.213999	618.589863	3.017723
39	2015-02-03-08-45-10	1422953265792005	1422953273983029	42834	91.938044	628.390861	3.136022
40	2015-02-03-08-45-10	1422953267239013	1422953275267396	43734	91.681423	638.291554	3.237204
41	2015-02-03-08-45-10	1422953268643311	1422953276551532	45102	91.382501	648.511912	3.320144
42	2015-02-03-08-45-10	1422953270028831	1422953277877337	42579	91.089231	658.854932	3.384358
43	2015-02-03-08-45-10	1422953271396963	1422953279221515	42291	90.458977	669.214595	3.404690
44	2015-02-03-08-45-10	1422953272720999	1422953280544071	43464	89.455374	678.901158	3.535983
45	2015-02-03-08-45-10	1422953274003083	1422953281784771	40968	88.265779	688.333455	3.648790
46	2015-02-03-08-45-10	1422953275307521	1422953282964532	40062	87.025838	697.839865	3.762165
47	2015-02-03-08-45-10	1422953276611736	1422953284086801	39292	85.586377	707.867198	3.862528
48	2015-02-03-08-45-10	1422953277937607	1422953285190397	40624	83.930038	717.998175	3.959763
49	2015-02-03-08-45-10	1422953279281631	1422953286292937	40591	82.406102	728.224179	4.052539
50	2015-02-03-08-45-10	1422953280604250	1422953287435182	40117	81.161062	739.167262	4.177924
51	2015-02-03-08-45-10	1422953281844719	1422953288555663	41832	79.814397	749.134114	4.227138
52	2015-02-03-08-45-10	1422953283024579	1422953289701333	41827	78.478523	759.046508	4.214523
53	2015-02-03-08-45-10	1422953284146896	1422953290844707	38524	77.656846	769.265055	4.432760
54	2015-02-03-08-45-10	1422953285250595	1422953292011001	43429	76.758463	779.707523	4.599323
55	2015-02-03-08-45-10	1422953286353206	1422953293156231	44552	76.063217	789.323290	4.731085
56	2015-02-03-08-45-10	1422953287475150	1422953294299130	41016	74.819235	799.053606	4.690587
57	2015-02-03-08-45-10	1422953288595819	1422953295445097	40440	74.146855	808.831494	4.805597
58	2015-02-03-08-45-10	1422953289741493	1422953296631490	38862	73.566645	819.029401	5.009054
59	2015-02-03-08-45-10	1422953290884769	1422953297822547	42243	72.541062	829.580065	4.974735
60	2015-02-03-08-45-10	1422953292031150	1422953299012412	42956	71.568213	840.041657	4.885336
61	2015-02-03-08-45-10	1422953293176297	1422953300179688	41377	70.618609	849.622704	4.740365
62	2015-02-03-08-45-10	1422953294319241	1422953301388539	42811	70.184468	859.379867	4.726551
63	2015-02-03-08-45-10	1422953295485347	1422953302639245	44557	69.357843	869.401273	4.658819
64	2015-02-03-08-45-10	1422953296671793	1422953304047052	41729	68.502868	879.985547	4.517388
65	2015-02-03-08-45-10	1422953297862900	1422953305772830	40952	67.289907	891.960632	4.418206
66	2015-02-03-08-45-10	1422953299052723	1422953308479779	45583	66.086334	905.207449	4.444731
67	2015-02-03-08-45-10	1422953300240130	1422953329172083	40458	64.508298	921.988978	4.409657
68	2015-02-03-08-45-10	1422953301449123	1422953331817441	45928	63.848350	927.895598	4.375539
69	2015-02-03-08-45-10	1422953302699642	1422953333622683	52257	63.261793	932.886074	4.374497
70	2015-02-03-08-45-10	1422953304107314	1422953335370818	54344	62.416726	937.612529	4.379430
71	2015-02-03-08-45-10	1422953305832993	1422953337214480	50179	61.467808	943.132076	4.362404
72	2015-02-03-08-45-10	1422953308559915	1422953339539224	45407	60.355544	951.147823	4.305956
73	2015-02-03-08-45-10	1422953329252046	1422953356726409	59978	79.286675	961.033254	3.825513
74	2015-02-03-08-45-10	1422953331837509	1422953355783760	55007	79.726028	965.130113	3.798267
75	2015-02-03-08-45-10	1422953333642775	1422953354779744	48940	79.970360	968.418110	3.767688
76	2015-02-03-08-45-10	1422953335390859	1422953353695173	45146	80.269413	971.710973	3.721427
77	2015-02-03-08-45-10	1422953337234477	1422953352571558	43400	81.425573	974.326581	3.699539
78	2015-02-03-08-45-10	1422953339499200	1422953351729875	40330	84.823849	974.943734	3.625045
79	2015-02-03-08-45-10	1422953341619492	1422953351970484	41396	89.451971	971.071958	3.572836
80	2015-02-03-08-45-10	1422953343467332	1422953352812567	40437	94.030109	963.919553	3.437764
81	2015-02-03-08-45-10	1422953345253310	1422953353895993	40627	97.656119	955.656247	3.395207
82	2015-02-03-08-45-10	1422953346878311	1422953355161068	41539	100.928357	946.559939	3.449877
83	2015-02-03-08-45-10	1422953348384072	1422953356465733	40936	104.492680	937.296394	3.447217
84	2015-02-03-08-45-10	1422953349847257	1422953357767846	40277	108.476343	927.516746	3.417573
85	2015-02-03-08-45-10	1422953351228218	1422953359050491	41210	112.893508	917.929755	3.448308
86	2015-02-03-08-45-10	1422953352571558	1422953360350993	42355	117.402229	908.691998	3.488289
87	2015-02-03-08-45-10	1422953353895993	1422953361632726	43842	122.114666	900.233755	3.545442
88	2015-02-03-08-45-10	1422953355221363	1422953362897191	46531	127.411545	891.534701	3.555390
89	2015-02-03-08-45-10	1422953356505858	1422953364139308	44244	132.427905	883.704809	3.485334
90	2015-02-03-08-45-10	1422953357807940	1422953365383669	41734	138.183303	875.488670	3.408457
91	2015-02-03-08-45-10	1422953359090544	1422953366612055	37961	144.219793	867.338905	3.222153
92	2015-02-03-08-45-10	1422953360390998	1422953367859391	38712	150.777165	859.258033	3.061257
93	2015-02-03-08-45-10	1422953361672887	1422953369126333	37135	157.375831	851.268872	2.928060
94	2015-02-03-08-45-10	1422953362937286	1422953370391382	35822	164.112169	843.104419	2.791113
95	2015-02-03-08-45-10	1422953364179386	1422953371673213	37326	170.525369	835.376355	2.856064
96	2015-02-03-08-45-10	1422953365423875	1422953372934533	40420	177.108651	827.510281	2.890913
97	2015-02-03-08-45-10	1422953366672475	1422953374215656	41338	183.585364	819.882117	2.977942
98	2015-02-03-08-45-10	1422953367919817	1422953375500438	46785	190.442378	812.039374	3.032905
99	2015-02-03-08-45-10	1422953369186660	1422953376786193	50043	197.225980	804.404878	3.104426
100	2015-02-03-08-45-10	1422953370451513	1422953378111929	52418	204.220295	797.211564	3.089848
101	2015-02-03-08-45-10	1422953371733365	1422953379498334	51336	211.505640	790.550657	2.971221
102	2015-02-03-08-45-10	1422953373014856	1422953380899730	49955	218.858139	783.971157	2.814732
103	2015-02-03-08-45-10	1422953374295654	1422953382240995	48976	226.137906	777.951656	2.640607
104	2015-02-03-08-45-10	1422953375560725	1422953383566664	44144	233.894327	771.363893	2.629662
105	2015-02-03-08-45-10	1422953376846561	1422953384891591	42476	241.599882	764.951016	2.515180
106	2015-02-03-08-45-10	1422953378152105	1422953386236937	42467	249.784418	758.213045	2.468116
107	2015-02-03-08-45-10	1422953379538431	1422953387616966	44706	257.607172	750.881593	2.478296
108	2015-02-03-08-45-10	1422953380919707	1422953389059449	45876	264.913409	743.317687	2.552622
109	2015-02-03-08-45-10	1422953382261058	1422953390541622	47225	271.032666	735.395245	2.655715
110	2015-02-03-08-45-10	1422953383586764	1422953392003459	51210	276.331925	727.395659	2.555417
111	2015-02-03-08-45-10	1422953384911651	1422953393588209	52133	280.957375	718.883403	2.544413
112	2015-02-03-08-45-10	1422953386236937	1422953395556031	50486	285.186003	708.984299	2.447690
113	2015-02-03-08-45-10	1422953387576928	1422953398166668	49124	289.397046	698.030249	2.336275
114	2015-02-03-08-45-10	1422953388959157	1422953422131042	46677	294.563514	682.731615	2.250615
115	2015-02-03-08-45-10	1422953390381466	1422953430277763	52356	297.890083	672.253504	2.221179
116	2015-02-03-08-45-10	1422953391862901	1422953432821552	60062	299.254532	667.806768	2.202809
117	2015-02-03-08-45-10	1422953393528052	1422953434982129	64336	300.511288	663.387590	2.191114
118	2015-02-03-08-45-10	1422953395556031	1422953436785816	60193	301.823207	658.865962	2.212236
119	2015-02-03-08-45-10	1422953398226819	1422953438408860	53920	303.227356	653.920209	2.240583
120	2015-02-03-08-45-10	1422953422332053	1422953440051057	49162	305.690634	644.964754	2.270617
121	2015-02-03-08-45-10	1422953430317755	1422953441752785	47997	310.538202	627.956873	2.248191
122	2015-02-03-08-45-10	1422953432841566	1422953443658458	45123	314.230393	616.585998	2.285775
123	2015-02-03-08-45-10	1422953435002189	1422953446008183	43106	318.315176	604.870749	2.325073
124	2015-02-03-08-45-10	1422953436805911	1422953450085309	41359	323.242995	591.804841	2.372006
125	2015-02-03-08-45-10	1422953438448913	1422953475543365	41605	328.664628	579.839948	2.429587
126	2015-02-03-08-45-10	1422953440111066	1422953478551970	48821	331.452642	572.867327	2.569624
127	2015-02-03-08-45-10	1422953441812794	1422953501835191	51678	336.421180	560.933869	2.742715
128	2015-02-03-08-45-10	1422953443718691	1422953506522984	57848	338.910148	555.263484	2.875609
129	2015-02-03-08-45-10	1422953446088645	1422953510356209	63268	341.190516	549.913643	3.011848
130	2015-02-03-08-45-10	1422953450406808	1422953515613073	69928	346.384127	543.697702	3.167847
131	2015-02-03-08-45-10	1422953475603423	1422953517791279	72069	351.679989	538.450687	3.295503
132	2015-02-03-08-45-10	1422953478612196	1422953519122690	65037	355.341064	536.701485	3.272016
133	2015-02-03-08-45-10	1422953501975561	1422953520031368	60609	364.192012	532.888969	3.409476
134	2015-02-03-08-45-10	1422953506563068	1422953520557820	49689	371.744147	531.758505	3.365437
135	2015-02-03-08-45-10	1422953510376298	1422953520941757	46990	380.975042	533.986074	3.203842
136	2015-02-03-08-45-10	1422953512910602	1422953522476232	44356	392.060695	538.534920	2.846288
137	2015-02-03-08-45-10	1422953514564133	1422953524053546	45692	401.732776	542.505319	2.689397
138	2015-02-03-08-45-10	1422953516157686	1422953525611010	43769	410.984067	546.282356	2.524224
139	2015-02-03-08-45-10	1422953517750964	1422953527108265	42990	420.363559	550.064369	2.312794
140	2015-02-03-08-45-10	1422953519324512	1422953528543656	41723	429.199292	553.624290	2.143934
141	2015-02-03-08-45-10	1422953520921562	1422953529939472	40034	438.157522	557.481369	1.975696
142	2015-02-03-08-45-10	1422953522536771	1422953531333958	38125	446.923454	560.829923	1.805513
143	2015-02-03-08-45-10	1422953524114191	1422953532705877	36060	456.829590	564.821571	1.570796
144	2015-02-03-08-45-10	1422953525651446	1422953534057026	36884	466.586811	568.784321	1.465300
145	2015-02-03-08-45-10	1422953527148708	1422953535406805	36759	475.605808	572.700893	1.206985
146	2015-02-03-08-45-10	1422953528604363	1422953536774633	39189	485.730849	577.419936	1.106340
147	2015-02-03-08-45-10	1422953530000137	1422953538104619	42378	495.308001	582.311839	0.983457
148	2015-02-03-08-45-10	1422953531374474	1422953539394994	46158	503.422249	587.350105	0.950677
149	2015-02-03-08-45-10	1422953532746146	1422953540724152	46250	512.154153	592.765107	0.875598
150	2015-02-03-08-45-10	1422953534097353	1422953542055880	48355	520.731938	598.432241	0.739147
151	2015-02-03-08-45-10	1422953535447023	1422953543611357	50858	528.891708	603.795415	0.775636
152	2015-02-03-08-45-10	1422953536794765	1422953545262843	48367	537.673272	609.182915	0.615584
153	2015-02-03-08-45-10	1422953538124769	1422953547118978	47747	546.891023	614.795879	0.439523
154	2015-02-03-08-45-10	1422953539455396	1422953549967021	46968	557.243764	621.327874	0.193322
155	2015-02-03-08-45-10	1422953540784616	1422953555166860	57321	570.704214	623.814399	-0.069777
156	2015-02-03-08-45-10	1422953542136798	1422953557732336	60204	578.205017	621.764381	-0.239181
157	2015-02-03-08-45-10	1422953543691992	1422953559184924	59500	583.966378	619.514527	-0.385715
158	2015-02-03-08-45-10	1422953545323309	1422953560073264	52208	588.128272	617.558745	-0.488743
159	2015-02-03-08-45-10	1422953547199725	1422953560578277	46157	591.769696	615.050263	-0.564504
160	2015-02-03-08-45-10	1422953550047621	1422953561002194	44278	596.405166	609.444908	-0.650687
161	2015-02-03-08-45-10	1422953552605345	1422953562433805	45035	601.978005	600.056160	-0.812323
162	2015-02-03-08-45-10	1422953554440182	1422953564021946	43679	607.449762	591.053090	-1.006743
163	2015-02-03-08-45-10	1422953556095536	1422953565570247	45142	612.565915	582.259936	-1.157046
164	2015-02-03-08-45-10	1422953557712132	1422953567073983	44665	617.545040	573.148968	-1.180305
165	2015-02-03-08-45-10	1422953559305974	1422953568579510	45976	622.338692	563.502831	-1.188864
166	2015-02-03-08-45-10	1422953560881052	1422953570026923	48892	626.367860	554.630138	-1.135894
167	2015-02-03-08-45-10	1422953562474077	1422953571579556	51443	630.609877	545.487168	-1.150389
168	2015-02-03-08-45-10	1422953564062142	1422953573270112	53459	634.425622	535.923789	-1.063943
169	2015-02-03-08-45-10	1422953565630465	1422953575197079	51316	638.077099	526.381706	-1.050373
170	2015-02-03-08-45-10	1422953567134152	1422953577259760	50278	641.233158	516.039833	-1.042865
171	2015-02-03-08-45-10	1422953568639826	1422953579340201	46412	644.095085	505.371389	-0.983563
172	2015-02-03-08-45-10	1422953570087271	1422953581245147	46413	646.535722	496.305545	-0.800188
173	2015-02-03-08-45-10	1422953571619817	1422953583007705	47548	648.565319	487.601232	-0.565238
174	2015-02-03-08-45-10	1422953573310316	1422953584727629	46310	650.533252	478.799432	-0.381706
175	2015-02-03-08-45-10	1422953575217153	1422953586509871	47233	652.403707	469.789789	-0.091050
176	2015-02-03-08-45-10	1422953577239727	1422953588392892	47342	654.814497	459.682345	0.139258
177	2015-02-03-08-45-10	1422953579320167	1422953590177969	48986	657.362767	449.077879	0.344208
178	2015-02-03-08-45-10	1422953581245147	1422953591780872	51055	659.445103	439.214546	0.450592
179	2015-02-03-08-45-10	1422953583027713	1422953593301812	50858	661.281786	430.051459	0.554087
180	2015-02-03-08-45-10	1422953584747624	1422953594862492	47483	663.120266	421.010701	0.663546
181	2015-02-03-08-45-10	1422953586549960	1422953596402826	48834	664.758144	411.341201	0.765545
182	2015-02-03-08-45-10	1422953588433007	1422953597962936	48524	666.362802	400.618350	0.977205
183	2015-02-03-08-45-10	1422953590218111	1422953599564437	46696	667.927140	390.333142	1.205235
184	2015-02-03-08-45-10	1422953591820909	1422953601126125	41709	669.046947	379.774940	1.478618
185	2015-02-03-08-45-10	1422953593341837	1422953602649897	44130	669.827540	369.592615	1.771887
186	2015-02-03-08-45-10	1422953594902529	1422953604193608	46683	670.253790	359.408384	2.072481
187	2015-02-03-08-45-10	1422953596442882	1422953605694105	45717	670.732674	349.398914	2.334614
188	2015-02-03-08-45-10	1422953598022877	1422953607215696	46459	671.248758	339.030819	2.525552
189	2015-02-03-08-45-10	1422953599604552	1422953608720845	48256	671.418808	329.572241	2.694853
190	2015-02-03-08-45-10	1422953601166195	1422953610283382	47890	671.600647	320.116260	2.740451
191	2015-02-03-08-45-10	1422953602710171	1422953611985312	47482	671.843438	309.551538	2.745220
192	2015-02-03-08-45-10	1422953604233728	1422953614085854	45122	672.080994	298.106959	2.735830
193	2015-02-03-08-45-10	1422953605754082	1422953616695014	42227	672.200327	286.104090	2.699081
194	2015-02-03-08-45-10	1422953607255782	1422953619409467	38960	672.070542	275.224760	2.590417
195	2015-02-03-08-45-10	1422953608781015	1422953624552708	35845	672.385077	261.847064	2.473501
196	2015-02-03-08-45-10	1422953610323449	1422953639406539	51150	670.108228	248.525383	2.626471
197	2015-02-03-08-45-10	1422953612025356	1422953642927922	56387	666.043084	244.866091	2.695839
198	2015-02-03-08-45-10	1422953614125855	1422953644674899	54680	662.890788	242.226843	2.737506
199	2015-02-03-08-45-10	1422953616735305	1422953645781189	49754	659.951686	239.898986	2.785090
200	2015-02-03-08-45-10	1422953619449646	1422953646464555	44229	657.247504	238.273590	2.857143
201	2015-02-03-08-45-10	1422953624612900	1422953646625441	37284	652.743787	237.066231	3.001342
202	2015-02-03-08-45-10	1422953636791571	1422953647853576	34388	634.017500	237.493831	3.246572
203	2015-02-03-08-45-10	1422953638985170	1422953649563101	34617	623.210044	238.080390	3.339206
204	2015-02-03-08-45-10	1422953640827402	1422953651230562	34926	613.127612	238.528623	3.413447
205	2015-02-03-08-45-10	1422953642567594	1422953652877007	33638	603.661713	238.886895	3.451272
206	2015-02-03-08-45-10	1422953644333036	1422953654787095	34864	592.850302	239.283240	3.542705
207	2015-02-03-08-45-10	1422953646122884	1422953657255245	34800	580.915061	239.254234	3.564941
208	2015-02-03-08-45-10	1422953647893795	1422953659460476	34189	570.303165	239.053516	3.595648
209	2015-02-03-08-45-10	1422953649603370	1422953661262615	34918	561.066121	238.726366	3.624760
210	2015-02-03-08-45-10	1422953651270585	1422953662903945	34934	552.361644	238.248247	3.675754
211	2015-02-03-08-45-10	1422953652917254	1422953664890413	35173	543.396081	237.529424	3.759009
212	2015-02-03-08-45-10	1422953654827232	1422953667460571	33749	532.519851	236.320220	3.784427
213	2015-02-03-08-45-10	1422953657295305	1422953670199353	34778	520.517801	234.761329	3.828351
214	2015-02-03-08-45-10	1422953659500586	1422953672779546	34077	510.584595	232.704433	3.852898
215	2015-02-03-08-45-10	1422953661282601	1422953675315528	33362	502.025809	229.921953	3.983617
216	2015-02-03-08-45-10	1422953662944033	1422953677471839	35821	494.636186	226.508532	4.078593
217	2015-02-03-08-45-10	1422953664930519	1422953679382576	39877	487.181231	222.233894	4.264418
218	2015-02-03-08-45-10	1422953667500667	1422953681048692	46038	479.192846	216.978261	4.451488
219	2015-02-03-08-45-10	1422953670219531	1422953682638949	48478	470.902635	210.585075	4.664042
220	2015-02-03-08-45-10	1422953672678898	1422953684273759	49981	463.272447	204.580077	4.762453
221	2015-02-03-08-45-10	1422953674993081	1422953685905503	50122	455.222972	198.507931	4.771808
222	2015-02-03-08-45-10	1422953677129651	1422953687517104	50037	446.876879	192.685141	4.813768
223	2015-02-03-08-45-10	1422953679080809	1422953689149843	47426	437.903566	187.148797	4.661466
224	2015-02-03-08-45-10	1422953680908058	1422953690905975	46306	428.429939	181.532972	4.565161
225	2015-02-03-08-45-10	1422953682618845	1422953692780420	50333	418.987397	176.541106	4.457824
226	2015-02-03-08-45-10	1422953684273759	1422953694696923	49621	410.022452	172.295499	4.440330
227	2015-02-03-08-45-10	1422953685885367	1422953696653352	46471	400.886187	168.328697	4.307517
228	2015-02-03-08-45-10	1422953687496941	1422953698666411	44117	391.546524	164.812478	4.251801
229	2015-02-03-08-45-10	1422953689149843	1422953700669053	42138	382.448498	161.842582	4.328373
230	2015-02-03-08-45-10	1422953690926170	1422953702650981	41940	372.971432	159.152263	4.419322
231	2015-02-03-08-45-10	1422953692800558	1422953704669100	40148	363.511695	156.628392	4.587258
232	2015-02-03-08-45-10	1422953694696923	1422953707123275	37928	353.153723	154.096569	4.803976
233	2015-02-03-08-45-10	1422953696633242	1422953735789761	77523	360.469015	162.164554	5.423051
234	2015-02-03-08-45-10	1422953698626121	1422953734213109	71147	356.614489	161.415180	5.478613
235	2015-02-03-08-45-10	1422953700648805	1422953732594865	63422	353.124821	160.808350	5.533127
236	2015-02-03-08-45-10	1422953702671152	1422953730859071	58814	349.472054	160.398280	5.552575
237	2015-02-03-08-45-10	1422953704709442	1422953729081855	54568	346.033194	160.153304	5.557487
238	2015-02-03-08-45-10	1422953707163485	1422953727247504	48471	343.251427	160.421539	5.511077
239	2015-02-03-08-45-10	1422953711664396	1422953725939128	44465	346.154816	162.796004	5.443515
240	2015-02-03-08-45-10	1422953715368475	1422953727388610	43930	357.805795	164.425357	5.636341
241	2015-02-03-08-45-10	1422953717735761	1422953729243098	47777	368.177391	165.847019	5.921528
242	2015-02-03-08-45-10	1422953719800509	1422953731041003	48425	378.182909	167.641253	6.023076
243	2015-02-03-08-45-10	1422953721755535	1422953732756802	47374	387.888899	169.642780	6.038119
244	2015-02-03-08-45-10	1422953723667981	1422953734374566	47673	397.146525	172.082577	5.935264
245	2015-02-03-08-45-10	1422953725557454	1422953735991141	46689	406.549693	174.923491	5.872503
246	2015-02-03-08-45-10	1422953727428951	1422953737600255	45917	415.903980	178.267228	5.679642
247	2015-02-03-08-45-10	1422953729283414	1422953739550878	42242	426.608866	182.615198	5.622797
248	2015-02-03-08-45-10	1422953731061205	1422953742036278	44851	437.986270	188.003918	5.705182
249	2015-02-03-08-45-10	1422953732777043	1422953746040956	44062	450.018001	195.038634	5.758870
250	2015-02-03-08-45-10	1422953734414982	1422953772044279	43556	460.312530	201.941986	5.856024
251	2015-02-03-08-45-10	1422953736011264	1422953774875456	44265	465.279746	206.181226	6.015403
252	2015-02-03-08-45-10	1422953737620414	1422953778752544	52111	468.637810	212.982272	6.237148
253	2015-02-03-08-45-10	1422953739510796	1422953780820549	45984	470.149784	218.291069	6.344958
254	2015-02-03-08-45-10	1422953741915690	1422953782245472	41118	471.128214	223.470579	6.418578
255	2015-02-03-08-45-10	1422953745700796	1422953783327765	40785	471.532926	229.880120	6.559403
256	2015-02-03-08-45-10	1422953771944017	1422953784088038	41987	470.621402	243.192653	6.922551
257	2015-02-03-08-45-10	1422953774554323	1422953785167886	43715	467.237467	252.031616	6.928492
258	2015-02-03-08-45-10	1422953776720844	1422953786772645	42510	463.253506	261.696550	6.882547
259	2015-02-03-08-45-10	1422953778631866	1422953788339362	42514	459.337747	271.391250	6.915429
260	2015-02-03-08-45-10	1422953780399947	1422953789841230	43969	455.356889	281.113406	7.042327
261	2015-02-03-08-45-10	1422953782024644	1422953791286498	46081	451.442458	290.523694	7.192493
262	2015-02-03-08-45-10	1422953783607953	1422953792674144	47644	447.540569	299.714438	7.370779
263	2015-02-03-08-45-10	1422953785207961	1422953794101264	46622	443.323261	308.974067	7.497572
264	2015-02-03-08-45-10	1422953786812854	1422953795528038	45476	438.954183	318.359301	7.687400
265	2015-02-03-08-45-10	1422953788379518	1422953796915774	44643	434.628836	327.556042	7.826547
266	2015-02-03-08-45-10	1422953789861240	1422953798322683	42393	430.218359	336.444571	7.758172
267	2015-02-03-08-45-10	1422953791326655	1422953799708176	42783	425.685682	345.947287	7.811422
268	2015-02-03-08-45-10	1422953792734497	1422953801113918	44418	421.287475	355.065161	7.839674
269	2015-02-03-08-45-10	1422953794161518	1422953802578229	44421	417.003958	364.295924	7.930472
270	2015-02-03-08-45-10	1422953795568295	1422953804063984	45001	412.516315	373.828293	8.033128
271	2015-02-03-08-45-10	1422953796976038	1422953805586423	45749	408.100889	383.341736	8.134920
272	2015-02-03-08-45-10	1422953798362819	1422953807169095	46649	404.253338	392.316441	8.250214
273	2015-02-03-08-45-10	1422953799748399	1422953808772827	46243	400.105117	401.626269	8.274782
274	2015-02-03-08-45-10	1422953801154047	1422953810412103	46018	396.176493	410.429992	8.285148
275	2015-02-03-08-45-10	1422953802618386	1422953811993079	46372	392.417547	419.393392	8.331569
276	2015-02-03-08-45-10	1422953804124104	1422953814020951	46678	387.992422	429.572337	8.255660
277	2015-02-03-08-45-10	1422953805646481	1422953816572088	50257	383.384877	440.807630	8.259869
278	2015-02-03-08-45-10	1422953807229291	1422953818862590	53717	379.343021	450.276017	8.276267
279	2015-02-03-08-45-10	1422953808832878	1422953820974190	56704	375.751361	458.838847	8.298137
280	2015-02-03-08-45-10	1422953810472187	1422953823163764	61983	372.268717	467.090298	8.356626
281	2015-02-03-08-45-10	1422953812073027	1422953825517100	67984	368.771402	475.264584	8.356119
282	2015-02-03-08-45-10	1422953814121504	1422953827850457	67301	365.115112	483.969089	8.430394
283	2015-02-03-08-45-10	1422953816672648	1422953830064174	61856	360.923451	493.179560	8.360139
284	2015-02-03-08-45-10	1422953818943133	1422953832316245	57912	357.006794	502.718044	8.344858
285	2015-02-03-08-45-10	1422953821054464	1422953834650577	58639	353.176337	512.140756	8.308806
286	2015-02-03-08-45-10	1422953823224156	1422953837118445	57281	349.327052	521.874677	8.293607
287	2015-02-03-08-45-10	1422953825577284	1422953840686510	56163	344.838476	533.231075	8.252381
288	2015-02-03-08-45-10	1422953827910797	1422953851733763	70556	333.543515	546.853103	8.353097
289	2015-02-03-08-45-10	1422953830124596	1422953857049810	68041	325.702189	548.745923	8.371009
290	2015-02-03-08-45-10	1422953832376622	1422953861696893	61142	317.969578	549.154384	8.377071
291	2015-02-03-08-45-10	1422953834710714	1422953865301613	54735	311.386858	548.886389	8.432783
292	2015-02-03-08-45-10	1422953837178606	1422953867062695	51943	306.816083	548.445364	8.452326
293	2015-02-03-08-45-10	1422953840786640	1422953867603096	51520	302.168161	547.340147	8.499398
294	2015-02-03-08-45-10	1422953847301766	1422953870304069	46573	291.322687	542.359092	8.534177
295	2015-02-03-08-45-10	1422953850147604	1422953873507456	48924	284.027676	538.990531	8.524082
296	2015-02-03-08-45-10	1422953852515792	1422953877637008	53172	276.383239	537.019016	8.553689
297	2015-02-03-08-45-10	1422953855806323	1422953881285628	59791	268.766042	537.541247	8.692793
298	2015-02-03-08-45-10	1422953860856277	1422953883450231	59834	260.935370	538.944124	8.886312
299	2015-02-03-08-45-10	1422953866682677	1422953884872946	58273	252.016086	541.573576	8.999821
300	2015-02-03-08-45-10	1422953870344148	1422953885794643	55222	245.737772	545.279264	9.122853
301	2015-02-03-08-45-10	1422953873527524	1422953886575298	49624	240.272056	550.996293	9.256432
302	2015-02-03-08-45-10	1422953876333196	1422953888317471	50633	234.175161	560.294099	9.459398
303	2015-02-03-08-45-10	1422953878579205	1422953890421075	48542	228.009947	569.557203	9.683927
304	2015-02-03-08-45-10	1422953880523710	1422953892566114	45828	221.855944	577.717744	9.827316
305	2015-02-03-08-45-10	1422953882408121	1422953894668824	42639	215.508205	585.123287	9.955684
306	2015-02-03-08-45-10	1422953884312229	1422953896650989	41196	208.960536	592.037592	10.050028
307	2015-02-03-08-45-10	1422953886295014	1422953898457069	40304	202.200915	598.356011	10.043606
308	2015-02-03-08-45-10	1422953888357479	1422953900281788	39239	194.659435	604.831970	9.908587
309	2015-02-03-08-45-10	1422953890441080	1422953902226411	38519	186.548420	611.367770	9.696643
310	2015-02-03-08-45-10	1422953892526008	1422953904834427	38877	177.397356	618.721631	9.508407
311	2015-02-03-08-45-10	1422953894608750	1422954162785004	38084	165.061993	629.224934	9.212929
312	2015-02-03-08-45-10	1422953896610820	1422954173568381	40844	154.862255	638.967968	8.508885
313	2015-02-03-08-45-10	1422953898437042	1422954176984887	45288	151.343223	643.130049	8.204952
314	2015-02-03-08-45-10	1422953900281788	1422954179578877	48892	148.546595	647.093159	7.939383
315	2015-02-03-08-45-10	1422953902246490	1422954181907560	47074	146.110337	651.158623	7.664623
316	2015-02-03-08-45-10	1422953904894630	1422954184659100	43705	143.455754	656.554238	7.250254
317	2015-02-03-08-45-10	1422954162684674	1422954190325305	41721	138.992485	667.318588	6.474807
318	2015-02-03-08-45-10	1422954173387755	1422954196281319	54084	135.622615	685.869379	5.570452
319	2015-02-03-08-45-10	1422954176401619	1422954200179883	60824	138.354702	694.575008	5.281145
320	2015-02-03-08-45-10	1422954178955843	1422954202067098	62578	141.011972	699.888586	5.148313
321	2015-02-03-08-45-10	1422954181486118	1422954203069076	60676	143.393894	703.770910	5.084809
322	2015-02-03-08-45-10	1422954184196374	1422954203870809	57385	146.665960	707.277531	5.073615
323	2015-02-03-08-45-10	1422954189823000	1422954204512696	56148	154.449159	712.190586	5.023202
324	2015-02-03-08-45-10	1422954193725407	1422954206237137	59235	165.617385	716.695232	4.888133
325	2015-02-03-08-45-10	1422954196180788	1422954208260512	62248	175.540133	720.494082	4.800436
326	2015-02-03-08-45-10	1422954198291264	1422954210284343	62972	185.124194	724.045528	4.671875
327	2015-02-03-08-45-10	1422954200280242	1422954212270482	60657	194.447325	727.682589	4.597118
328	2015-02-03-08-45-10	1422954202247708	1422954214454490	59884	204.192718	731.287171	4.468416
329	2015-02-03-08-45-10	1422954204271930	1422954217564508	59373	215.356609	735.438900	4.268051
330	2015-02-03-08-45-10	1422954206277208	1422954229688682	55570	229.230207	743.012919	3.795484
331	2015-02-03-08-45-10	1422954208300514	1422954239036586	73983	230.872576	754.962717	3.475779
332	2015-02-03-08-45-10	1422954210304374	1422954239860459	68521	231.828347	758.146836	3.403827
333	2015-02-03-08-45-10	1422954212310615	1422954240201601	58966	232.657086	760.639824	3.304159
334	2015-02-03-08-45-10	1422954214514502	1422954240261779	49743	233.119213	763.043875	3.225636
335	2015-02-03-08-45-10	1422954217664754	1422954240101287	45457	232.659129	766.252236	3.116142
336	2015-02-03-08-45-10	1422954228764685	1422954240442260	50021	225.092119	775.546240	3.067633
337	2015-02-03-08-45-10	1422954232236984	1422954241827764	54337	215.273081	784.059549	3.093542
338	2015-02-03-08-45-10	1422954234159938	1422954243295131	56128	207.428849	791.283114	3.145851
339	2015-02-03-08-45-10	1422954235783629	1422954244760976	57383	200.271360	798.037835	3.149437
340	2015-02-03-08-45-10	1422954237309429	1422954246169376	55704	193.353708	804.828419	3.126014
341	2015-02-03-08-45-10	1422954238835880	1422954247575155	52396	186.630321	811.916895	3.015607
342	2015-02-03-08-45-10	1422954240341989	1422954248942753	48188	179.650853	819.603266	2.959525
343	2015-02-03-08-45-10	1422954241868022	1422954250349006	45830	172.890898	827.183206	2.776276
344	2015-02-03-08-45-10	1422954243335231	1422954251713280	40730	166.230991	834.921227	2.592952
345	2015-02-03-08-45-10	1422954244781085	1422954253098607	40595	159.596172	842.878045	2.465897
346	2015-02-03-08-45-10	1422954246209588	1422954254503762	41896	152.922585	851.387291	2.469357
347	2015-02-03-08-45-10	1422954247615356	1422954255905403	44115	146.667001	859.385212	2.523985
348	2015-02-03-08-45-10	1422954249003048	1422954257287788	43413	140.287595	867.805908	2.561119
349	2015-02-03-08-45-10	1422954250389141	1422954258671444	46115	134.683795	875.990866	2.695359
350	2015-02-03-08-45-10	1422954251773513	1422954260175443	48791	129.158683	884.233288	2.809760
351	2015-02-03-08-45-10	1422954253158831	1422954261779431	49729	123.973345	892.740880	2.898324
352	2015-02-03-08-45-10	1422954254563804	1422954263824832	48331	118.214188	902.904974	2.959810
353	2015-02-03-08-45-10	1422954255945442	1422954268122596	42379	111.387098	915.904671	2.956799
354	2015-02-03-08-45-10	1422954257327910	1422954323979206	42248	106.021850	927.883057	2.878184
355	2015-02-03-08-45-10	1422954258731534	1422954326747441	47781	103.555070	933.842464	2.807699
356	2015-02-03-08-45-10	1422954260235506	1422954329685267	52901	101.212674	939.913617	2.778138
357	2015-02-03-08-45-10	1422954261859739	1422954332423543	55074	99.111171	945.365007	2.690880
358	2015-02-03-08-45-10	1422954263905109	1422954337276730	53016	94.701172	953.080480	2.478601
359	2015-02-03-08-45-10	1422954268503621	1422954440877469	56482	86.660202	963.592539	2.263574
360	2015-02-03-08-45-10	1422954324059307	1422954442901840	45688	79.785433	972.318417	2.157311
361	2015-02-03-08-45-10	1422954326807707	1422954444502516	44259	75.300797	976.696558	2.115687
362	2015-02-03-08-45-10	1422954329725564	1422954446082126	43110	70.539858	981.098956	2.031717
363	2015-02-03-08-45-10	1422954332463811	1422954447644813	42244	65.898036	985.502690	2.091199
364	2015-02-03-08-45-10	1422954335706493	1422954449067396	43035	61.744038	990.293924	2.251327
365	2015-02-03-08-45-10	1422954439274792	1422954449988491	41697	52.616519	1002.106865	2.625644
366	2015-02-03-08-45-10	1422954441859987	1422954450890252	40946	48.997948	1011.729455	2.755078
367	2015-02-03-08-45-10	1422954443761964	1422954452152802	45170	46.675231	1022.433374	2.793342
368	2015-02-03-08-45-10	1422954445362058	1422954453557053	44475	44.947889	1032.436888	2.864074
369	2015-02-03-08-45-10	1422954446762923	1422954455079050	41898	43.197129	1042.346796	2.857361
370	2015-02-03-08-45-10	1422954448085622	1422954456660881	41631	41.418876	1052.812514	2.841430
371	2015-02-03-08-45-10	1422954449387844	1422954458365555	42851	39.739357	1062.834940	2.866386
372	2015-02-03-08-45-10	1422954450749901	1422954460273346	44439	38.029502	1073.432569	2.867898
373	2015-02-03-08-45-10	1422954452172874	1422954462839266	43822	35.024459	1084.584182	2.925033
374	2015-02-03-08-45-10	1422954453617100	1422954468388825	58308	23.359294	1094.109130	2.658228
375	2015-02-03-08-45-10	1422954455139099	1422954470013469	54909	17.560387	1096.789613	2.611700
376	2015-02-03-08-45-10	1422954456721003	1422954470877182	51909	12.703524	1098.703132	2.535376
377	2015-02-03-08-45-10	1422954458425699	1422954471299537	48869	8.331936	1099.944277	2.428408
378	2015-02-03-08-45-10	1422954460333521	1422954471561222	48131	3.147121	1100.182631	2.291263
379	2015-02-03-08-45-10	1422954462538576	1422954472205523	49544	-4.240104	1098.429633	2.060978
380	2015-02-03-08-45-10	1422954464422391	1422954473533504	47071	-13.578492	1094.953483	1.965415
381	2015-02-03-08-45-10	1422954466165187	1422954474919034	46982	-23.249921	1091.385746	1.938970
382	2015-02-03-08-45-10	1422954467847899	1422954476305198	46226	-33.511814	1087.475608	1.958215
383	2015-02-03-08-45-10	1422954469371172	1422954477712515	46136	-43.270000	1083.646622	1.975952
384	2015-02-03-08-45-10	1422954470796748	1422954479140508	45606	-53.295882	1079.779738	1.998385
385	2015-02-03-08-45-10	1422954472185381	1422954480646817	47411	-63.058854	1076.183373	2.069040
386	2015-02-03-08-45-10	1422954473573651	1422954482256835	49058	-72.742534	1072.503618	2.153722
387	2015-02-03-08-45-10	1422954474959147	1422954483922469	48654	-82.108513	1068.969993	2.204197
388	2015-02-03-08-45-10	1422954476345396	1422954485724543	48392	-91.917209	1065.192627	2.261808
389	2015-02-03-08-45-10	1422954477752796	1422954488048675	50644	-102.349440	1060.761379	2.452272
390	2015-02-03-08-45-10	1422954479200744	1422954494218563	46400	-115.154634	1053.136853	2.630435
391	2015-02-03-08-45-10	1422954480727401	1422954504181817	49311	-122.178460	1038.848970	3.110614
392	2015-02-03-08-45-10	1422954482337286	1422954509302666	59456	-124.676605	1032.645549	3.192417
393	2015-02-03-08-45-10	1422954484002604	1422954511890160	62015	-126.582291	1028.858497	3.190998
394	2015-02-03-08-45-10	1422954485804583	1422954514215612	64624	-128.787040	1024.646093	3.209982
395	2015-02-03-08-45-10	1422954488129090	1422954516609990	61657	-131.336761	1019.957324	3.228542
396	2015-02-03-08-45-10	1422954493795550	1422954519144059	59078	-134.896663	1012.413460	3.305819
397	2015-02-03-08-45-10	1422954496312388	1422954520789777	48937	-137.818896	1008.643368	3.290352
398	2015-02-03-08-45-10	1422954499366392	1422954521853026	38371	-141.155346	1005.524453	3.232231
399	2015-02-03-08-45-10	1422954508540172	1422954523117511	32635	-154.420362	997.056926	3.022361
400	2015-02-03-08-45-10	1422954511529477	1422954526871198	33112	-165.458681	991.347733	3.268980
401	2015-02-03-08-45-10	1422954514035092	1422954531807790	31715	-176.677189	984.900140	3.488383
402	2015-02-03-08-45-10	1422954516307514	1422954534296131	34105	-183.585646	980.794843	3.588309
403	2015-02-03-08-45-10	1422954518461378	1422954536322600	36549	-189.478673	976.970911	3.627260
404	2015-02-03-08-45-10	1422954520609306	1422954538227374	36588	-195.105057	973.230651	3.683810
405	2015-02-03-08-45-10	1422954523157705	1422954540050221	34791	-200.964241	969.075849	3.708443
406	2015-02-03-08-45-10	1422954526991517	1422954541894669	33386	-209.054710	963.248078	3.732019
407	2015-02-03-08-45-10	1422954531827841	1422954543761394	34555	-220.888865	954.862560	3.677144
408	2015-02-03-08-45-10	1422954534296131	1422954545691952	34169	-230.098562	948.054431	3.610043
409	2015-02-03-08-45-10	1422954536322600	1422954547679534	33434	-238.698051	941.717539	3.549024
410	2015-02-03-08-45-10	1422954538227374	1422954549686505	32272	-247.043170	935.491383	3.483918
411	2015-02-03-08-45-10	1422954540070267	1422954551693236	32234	-254.810818	929.699539	3.445700
412	2015-02-03-08-45-10	1422954541934790	1422954553559864	31000	-262.537390	923.936672	3.368332
413	2015-02-03-08-45-10	1422954543821712	1422954555265387	30364	-270.032499	918.393471	3.290219
414	2015-02-03-08-45-10	1422954545752074	1422954556911036	29929	-277.656280	912.808690	3.211401
415	2015-02-03-08-45-10	1422954547739753	1422954558615446	30403	-285.771998	906.912402	3.157863
416	2015-02-03-08-45-10	1422954549746704	1422954560381301	31871	-294.280479	900.814694	3.083526
417	2015-02-03-08-45-10	1422954551753412	1422954562046398	32038	-302.704486	894.737152	2.968771
418	2015-02-03-08-45-10	1422954553599971	1422954563652085	32299	-310.882823	888.881705	2.849487
419	2015-02-03-08-45-10	1422954555305590	1422954565276757	32164	-318.840549	883.095370	2.689108
420	2015-02-03-08-45-10	1422954556951147	1422954566946144	31432	-326.384601	877.631925	2.499524
421	2015-02-03-08-45-10	1422954558675569	1422954568734941	30427	-335.247193	871.173346	2.282368
422	2015-02-03-08-45-10	1422954560421449	1422954570642570	29332	-344.309125	864.613221	2.061194
423	2015-02-03-08-45-10	1422954562086524	1422954572791660	28842	-353.884870	857.921902	1.887246
424	2015-02-03-08-45-10	1422954563692347	1422954578480404	28284	-366.340934	848.260677	1.646770
425	2015-02-03-08-45-10	1422954565316911	1422954585181340	46229	-371.533981	837.434113	1.365442
426	2015-02-03-08-45-10	1422954567006379	1422954591608484	53237	-369.741715	827.221397	1.095485
427	2015-02-03-08-45-10	1422954568795279	1422954593553171	53170	-369.481269	822.874154	0.967521
428	2015-02-03-08-45-10	1422954570682681	1422954594556420	49626	-369.081962	819.623236	0.867102
429	2015-02-03-08-45-10	1422954572851952	1422954594977824	45594	-368.164346	816.293235	0.772030
430	2015-02-03-08-45-10	1422954578540588	1422954595580210	44099	-363.337319	808.577250	0.552981
431	2015-02-03-08-45-10	1422954581474913	1422954597364612	46549	-357.541222	801.956328	0.416743
432	2015-02-03-08-45-10	1422954583410288	1422954599266559	44664	-352.506598	796.342120	0.335841
433	2015-02-03-08-45-10	1422954585703614	1422954601087432	41810	-347.099620	790.198827	0.305872
434	2015-02-03-08-45-10	1422954590463271	1422954602949191	41945	-338.276829	780.027686	0.314998
435	2015-02-03-08-45-10	1422954593172006	1422954604675677	38486	-331.853668	772.418920	0.240690
436	2015-02-03-08-45-10	1422954595339195	1422954606302716	38943	-325.796889	764.734056	0.332347
437	2015-02-03-08-45-10	1422954597384625	1422954608073880	40088	-318.981384	755.902863	0.386825
438	2015-02-03-08-45-10	1422954599286547	1422954610249301	40494	-311.354758	746.651719	0.475262
439	2015-02-03-08-45-10	1422954601107411	1422954612179727	37213	-304.251859	738.404498	0.468461
440	2015-02-03-08-45-10	1422954602969264	1422954613931440	38586	-297.708463	730.860229	0.489377
441	2015-02-03-08-45-10	1422954604715862	1422954615566871	41140	-292.682870	724.941923	0.642316
442	2015-02-03-08-45-10	1422954606342878	1422954617182387	39540	-286.745472	718.705560	0.688816
443	2015-02-03-08-45-10	1422954608114217	1422954618839756	37260	-280.321921	712.144517	0.707081
444	2015-02-03-08-45-10	1422954610269446	1422954620760596	38399	-272.451295	703.273120	0.770210
445	2015-02-03-08-45-10	1422954612199823	1422954631741580	38724	-260.126514	689.304832	1.101913
446	2015-02-03-08-45-10	1422954613971786	1422954633989410	41786	-254.606616	683.461549	1.184218
447	2015-02-03-08-45-10	1422954615607328	1422954635623318	43810	-249.992060	678.929849	1.215914
448	2015-02-03-08-45-10	1422954617222765	1422954637174321	42805	-245.702310	674.338555	1.285593
449	2015-02-03-08-45-10	1422954618880212	1422954638764980	42738	-241.490032	669.891341	1.323777
450	2015-02-03-08-45-10	1422954620841446	1422954640315613	38311	-236.436828	665.145464	1.347249
451	2015-02-03-08-45-10	1422954631822571	1422954641862591	37629	-223.963818	653.369594	1.278147
452	2015-02-03-08-45-10	1422954634029864	1422954643430277	39369	-215.602010	644.834975	1.367701
453	2015-02-03-08-45-10	1422954635663683	1422954644997336	41485	-208.567217	637.317872	1.457102
454	2015-02-03-08-45-10	1422954637234807	1422954646562000	43132	-201.591346	629.854494	1.503345
455	2015-02-03-08-45-10	1422954638805188	1422954648126300	45613	-195.077245	622.498087	1.637108
456	2015-02-03-08-45-10	1422954640375983	1422954649711797	45369	-188.752772	614.623017	1.740027
457	2015-02-03-08-45-10	1422954641922845	1422954651273489	43225	-183.050738	606.597316	1.737566
458	2015-02-03-08-45-10	1422954643470479	1422954652896594	41128	-177.632603	598.120366	1.679858
459	2015-02-03-08-45-10	1422954645037515	1422954654859245	40049	-172.025025	588.401641	1.740421
460	2015-02-03-08-45-10	1422954646602097	1422954661203874	32826	-163.852344	572.602835	1.828719
461	2015-02-03-08-45-10	1422954648166485	1422954664024240	36111	-160.667643	565.619029	1.823933
462	2015-02-03-08-45-10	1422954649711797	1422954665984226	37406	-158.345342	559.977278	1.848517
463	2015-02-03-08-45-10	1422954651253470	1422954667727272	42788	-156.465816	554.336943	1.879017
464	2015-02-03-08-45-10	1422954652876548	1422954669432242	43750	-154.824006	548.477798	1.893106
465	2015-02-03-08-45-10	1422954654859245	1422954671153315	41400	-153.335672	541.778627	1.827950
466	2015-02-03-08-45-10	1422954661263891	1422954673055670	44731	-150.345104	525.922096	1.663537
467	2015-02-03-08-45-10	1422954664024240	1422954675180742	41646	-148.004915	513.062674	1.490407
468	2015-02-03-08-45-10	1422954665924193	1422954677063356	41496	-146.448711	503.573222	1.279707
469	2015-02-03-08-45-10	1422954667626999	1422954678824170	40230	-144.763380	494.585097	1.094577
470	2015-02-03-08-45-10	1422954669332145	1422954680545137	38858	-143.039406	485.449755	0.908044
471	2015-02-03-08-45-10	1422954671113287	1422954682227903	36679	-141.122048	476.710793	0.709991
472	2015-02-03-08-45-10	1422954673095805	1422954683928832	36691	-139.379900	466.418263	0.567397
473	2015-02-03-08-45-10	1422954675180742	1422954685590219	39154	-137.902107	455.592773	0.461527
474	2015-02-03-08-45-10	1422954677083371	1422954687471179	40540	-136.680340	444.533891	0.428315
475	2015-02-03-08-45-10	1422954678864160	1422954689591588	41065	-135.479434	433.637135	0.366609
476	2015-02-03-08-45-10	1422954680585173	1422954691734297	42818	-134.342487	423.013851	0.341577
477	2015-02-03-08-45-10	1422954682267987	1422954693695259	45808	-133.598027	413.977336	0.364385
478	2015-02-03-08-45-10	1422954683968857	1422954695600041	45347	-132.741488	404.747470	0.312424
479	2015-02-03-08-45-10	1422954685670290	1422954697422486	42618	-131.789051	395.965333	0.268234
480	2015-02-03-08-45-10	1422954687551078	1422954699242720	42309	-130.865459	386.088989	0.179133
481	2015-02-03-08-45-10	1422954689671779	1422954701065733	41649	-130.000280	375.855693	0.106507
482	2015-02-03-08-45-10	1422954691794269	1422954703031476	40425	-129.164753	364.841466	0.054966
483	2015-02-03-08-45-10	1422954693755287	1422954705218950	40485	-128.386723	353.922986	-0.028627
484	2015-02-03-08-45-10	1422954695640137	1422954707125401	40343	-127.637623	344.276431	-0.093682
485	2015-02-03-08-45-10	1422954697462474	1422954708788848	41698	-127.116803	335.538881	-0.145086
486	2015-02-03-08-45-10	1422954699282723	1422954710389227	41771	-126.397421	326.250158	-0.164472
487	2015-02-03-08-45-10	1422954701105741	1422954712030694	41492	-125.717873	316.605823	-0.136181
488	2015-02-03-08-45-10	1422954703091719	1422954713854218	40117	-124.932844	305.946273	-0.132675
489	2015-02-03-08-45-10	1422954705279176	1422954715958845	38970	-123.950235	294.174260	-0.054154
490	2015-02-03-08-45-10	1422954707165549	1422954718666525	40095	-122.946647	282.076655	0.098033
491	2015-02-03-08-45-10	1422954708848909	1422954767730350	35502	-121.349036	265.970310	-0.022499
492	2015-02-03-08-45-10	1422954710449274	1422954770169209	38016	-120.658864	259.261088	-0.056158
493	2015-02-03-08-45-10	1422954712090801	1422954771881077	41568	-119.910204	253.251778	-0.033098
494	2015-02-03-08-45-10	1422954713934330	1422954773949306	43922	-118.587932	246.674729	0.029247
495	2015-02-03-08-45-10	1422954716038991	1422954776357175	40932	-117.038621	239.784246	0.058957
496	2015-02-03-08-45-10	1422954718787120	1422954779107155	37755	-115.356941	230.697957	0.128398
497	2015-02-03-08-45-10	1422954767851032	1422954781533749	54746	-112.945262	214.319209	0.400930
498	2015-02-03-08-45-10	1422954770209558	1422954783740127	52470	-112.169132	203.836188	0.454483
499	2015-02-03-08-45-10	1422954771901172	1422954786044572	43313	-111.810736	195.373571	0.365412
500	2015-02-03-08-45-10	1422954773828866	1422954787953685	38874	-112.276803	187.318135	0.223582
501	2015-02-03-08-45-10	1422954776216700	1422954789980531	38584	-113.595840	178.544084	0.087440
502	2015-02-03-08-45-10	1422954778685198	1422954792130939	34296	-115.432596	168.645309	-0.111918
503	2015-02-03-08-45-10	1422954780932219	1422954794441746	32968	-117.261805	158.207151	-0.355219
504	2015-02-03-08-45-10	1422954783078376	1422954798660384	31893	-120.253468	144.934736	-0.573863
505	2015-02-03-08-45-10	1422954785402707	1422954856019651	31454	-123.676777	131.648616	-1.062581
506	2015-02-03-08-45-10	1422954787732756	1422954858008032	32698	-125.254262	125.776004	-1.374413
507	2015-02-03-08-45-10	1422954789980531	1422954859893242	35234	-126.818212	119.680248	-1.773110
508	2015-02-03-08-45-10	1422954792130939	1422954861814905	35094	-128.097074	113.509597	-2.282026
509	2015-02-03-08-45-10	1422954794441746	1422954863755581	34391	-129.270590	107.261360	-2.787338
510	2015-02-03-08-45-10	1422954798640317	1422954866075689	34839	-131.323213	98.325364	-3.582366
511	2015-02-03-08-45-10	1422954856019651	1422954869097809	39602	-138.479873	80.565874	-5.189949
512	2015-02-03-08-45-10	1422954858008032	1422954870763102	42008	-144.153367	74.486457	-5.463891
513	2015-02-03-08-45-10	1422954859893242	1422954871906540	38808	-149.828107	69.755205	-5.586100
514	2015-02-03-08-45-10	1422954861814905	1422954872708291	30317	-155.950393	66.067756	-5.583107
515	2015-02-03-08-45-10	1422954863775590	1422954873348850	28890	-163.138714	63.632764	-5.497352
516	2015-02-03-08-45-10	1422954865755739	1422954874469809	29713	-172.901348	62.167455	-5.326098
517	2015-02-03-08-45-10	1422954867516197	1422954875892399	28589	-183.462110	60.507483	-4.938524
518	2015-02-03-08-45-10	1422954869017668	1422954877293972	28221	-193.361778	58.745210	-4.387126
519	2015-02-03-08-45-10	1422954870381826	1422954878734643	28134	-203.695626	56.430254	-3.925083
520	2015-02-03-08-45-10	1422954871726095	1422954880277797	29618	-214.080517	53.818688	-3.612068
521	2015-02-03-08-45-10	1422954873108622	1422954882302184	28738	-224.640240	50.982923	-3.565894
522	2015-02-03-08-45-10	1422954874489988	1422954893112520	27469	-243.517284	45.829071	-3.651765
523	2015-02-03-08-45-10	1422954875912435	1422954895704243	32294	-250.376301	44.035402	-3.633058
524	2015-02-03-08-45-10	1422954877333984	1422954897294260	36223	-255.767665	42.484317	-3.696630
525	2015-02-03-08-45-10	1422954878774690	1422954898764961	37118	-260.921057	40.944330	-3.802277
526	2015-02-03-08-45-10	1422954880337994	1422954900212932	35605	-266.321986	39.362337	-3.900428
527	2015-02-03-08-45-10	1422954882382324	1422954901681141	36064	-271.891277	37.817704	-3.917694
528	2015-02-03-08-45-10	1422954893253111	1422954903149948	40287	-287.848713	33.257855	-3.977883
529	2015-02-03-08-45-10	1422954895764552	1422954904621147	40041	-300.475493	29.388905	-4.051574
530	2015-02-03-08-45-10	1422954897334579	1422954906091331	39838	-310.776102	26.306781	-4.051304
531	2015-02-03-08-45-10	1422954898805250	1422954907602388	40383	-320.268540	23.466221	-3.977995
532	2015-02-03-08-45-10	1422954900253153	1422954909192376	41333	-330.048515	20.464832	-3.891734
533	2015-02-03-08-45-10	1422954901721435	1422954911105434	41135	-340.358097	17.241572	-3.762929
534	2015-02-03-08-45-10	1422954903190171	1422954915713526	37859	-355.785872	12.524214	-3.521837
535	2015-02-03-08-45-10	1422954904661499	1422954935540304	39535	-365.640128	9.806327	-3.319247
536	2015-02-03-08-45-10	1422954906131587	1422954937479404	43381	-371.774487	8.032867	-3.206413
537	2015-02-03-08-45-10	1422954907642694	1422954939881903	45520	-378.318119	6.013787	-3.131632
538	2015-02-03-08-45-10	1422954909232625	1422954944001485	45697	-386.158399	1.923854	-3.089779
539	2015-02-03-08-45-10	1422954911145717	1422954960381189	47668	-380.573282	-17.844535	-3.078081
540	2015-02-03-08-45-10	1422954916096136	1422954959173968	47142	-384.353624	-21.689514	-3.078681
541	2015-02-03-08-45-10	1422954935540304	1422954958088293	46318	-387.678649	-25.817830	-3.131451
542	2015-02-03-08-45-10	1422954937479404	1422954957062401	42767	-389.980553	-28.091506	-3.190052
543	2015-02-03-08-45-10	1422954939902124	1422954956057347	40001	-391.157632	-31.336203	-3.225579
544	2015-02-03-08-45-10	1422954942611168	1422954956077451	41343	-387.946320	-35.606882	-3.257445
545	2015-02-03-08-45-10	1422954944706183	1422954956801117	41873	-382.524292	-38.303521	-3.221281
546	2015-02-03-08-45-10	1422954946960822	1422954957323652	41677	-376.032975	-40.018258	-3.152359
547	2015-02-03-08-45-10	1422954949153122	1422954958108417	43637	-367.153295	-40.120722	-3.088701
548	2015-02-03-08-45-10	1422954951025324	1422954959475778	45082	-356.464302	-39.389132	-2.983737
549	2015-02-03-08-45-10	1422954952576931	1422954960904242	43856	-346.145131	-38.511231	-2.946226
550	2015-02-03-08-45-10	1422954953986672	1422954962312339	42698	-335.953977	-37.643931	-2.890688
551	2015-02-03-08-45-10	1422954955353880	1422954963699130	43908	-325.934505	-36.940273	-2.793581
552	2015-02-03-08-45-10	1422954956720720	1422954965066087	43214	-316.067600	-36.395686	-2.716163
553	2015-02-03-08-45-10	1422954958108417	1422954966430956	42873	-306.087816	-35.786865	-2.640199
554	2015-02-03-08-45-10	1422954959516017	1422954967794912	41950	-296.016793	-35.085583	-2.561008
555	2015-02-03-08-45-10	1422954960944489	1422954969158649	43443	-286.127500	-34.447183	-2.424059
556	2015-02-03-08-45-10	1422954962352541	1422954970503025	42761	-276.096527	-33.875867	-2.286782
557	2015-02-03-08-45-10	1422954963739346	1422954971828466	40132	-266.746658	-32.942601	-2.223247
558	2015-02-03-08-45-10	1422954965106270	1422954973215188	38575	-257.270721	-32.036263	-2.200791
559	2015-02-03-08-45-10	1422954966471126	1422954974719584	34372	-247.070308	-30.963771	-2.176821
560	2015-02-03-08-45-10	1422954967835047	1422954976386817	34492	-235.322424	-30.190658	-2.073846
561	2015-02-03-08-45-10	1422954969178723	1422954978412342	33606	-222.801146	-29.539351	-1.929794
562	2015-02-03-08-45-10	1422954970523093	1422954981297709	33828	-210.135773	-29.040953	-1.862174
563	2015-02-03-08-45-10	1422954971868638	1422955009569385	34461	-196.352830	-28.930177	-1.965758
564	2015-02-03-08-45-10	1422954973255404	1422955011933921	40073	-190.102401	-28.971013	-1.955782
565	2015-02-03-08-45-10	1422954974759698	1422955013576435	43681	-184.781007	-29.242679	-1.946633
566	2015-02-03-08-45-10	1422954976427020	1422955015061544	41800	-178.700738	-29.539268	-1.964205
567	2015-02-03-08-45-10	1422954978472446	1422955016505123	37951	-171.532761	-30.171245	-2.000301
568	2015-02-03-08-45-10	1422954981377924	1422955017949893	34584	-163.122425	-31.461607	-1.989096
569	2015-02-03-08-45-10	1422955009649423	1422955019353908	41525	-147.705698	-34.716214	-1.721753
570	2015-02-03-08-45-10	1422955011974001	1422955020716142	43535	-136.801122	-37.775851	-1.528786
571	2015-02-03-08-45-10	1422955013596502	1422955022058333	43689	-127.840666	-40.881897	-1.392838
572	2015-02-03-08-45-10	1422955015041467	1422955023379919	43489	-119.049443	-44.590766	-1.231310
573	2015-02-03-08-45-10	1422955016444950	1422955024723776	43491	-109.846264	-48.919848	-1.043783
574	2015-02-03-08-45-10	1422955017869572	1422955026107359	42486	-100.508609	-53.271970	-0.908373
575	2015-02-03-08-45-10	1422955019313841	1422955027490724	40464	-90.871652	-57.757725	-0.840956
576	2015-02-03-08-45-10	1422955020716142	1422955028856569	39053	-81.883228	-62.175638	-0.794405
577	2015-02-03-08-45-10	1422955022078351	1422955030200276	36483	-73.431139	-66.552452	-0.712407
578	2015-02-03-08-45-10	1422955023420024	1422955031541974	35277	-64.582024	-71.159810	-0.633946
579	2015-02-03-08-45-10	1422955024763920	1422955032845007	31520	-55.877967	-75.790939	-0.573061
580	2015-02-03-08-45-10	1422955026127381	1422955034148715	28846	-47.242418	-80.466791	-0.480600
581	2015-02-03-08-45-10	1422955027510808	1422955035491933	26754	-37.953268	-85.888322	-0.261931
582	2015-02-03-08-45-10	1422955028876628	1422955036815669	26730	-28.995840	-91.322708	0.052880
583	2015-02-03-08-45-10	1422955030240395	1422955038157674	27554	-20.141653	-96.767039	0.411922
584	2015-02-03-08-45-10	1422955031582046	1422955039520171	29056	-11.177410	-102.203670	0.776175
585	2015-02-03-08-45-10	1422955032885165	1422955040902058	31057	-2.558868	-107.269112	1.104589
586	2015-02-03-08-45-10	1422955034188835	1422955042364135	32139	6.076011	-112.290578	1.420381
587	2015-02-03-08-45-10	1422955035512010	1422955044069377	32410	15.641957	-117.636388	1.740098
588	2015-02-03-08-45-10	1422955036835712	1422955046719466	34274	27.010099	-123.722176	2.197400
589	2015-02-03-08-45-10	1422955038177700	1422955063164445	34625	42.056114	-132.787919	2.800737
590	2015-02-03-08-45-10	1422955039560266	1422955067322251	44546	46.791418	-137.692611	3.018872
591	2015-02-03-08-45-10	1422955040962101	1422955071301216	55223	48.199059	-144.344796	3.119379
592	2015-02-03-08-45-10	1422955042424230	1422955072946381	54188	48.537137	-148.403095	3.157376
593	2015-02-03-08-45-10	1422955044149547	1422955073888930	50268	48.705446	-151.666699	3.185047
594	2015-02-03-08-45-10	1422955046920568	1422955074470885	43769	48.480563	-155.320207	3.182395
595	2015-02-03-08-45-10	1422955063204708	1422955075093034	42178	44.696292	-169.516309	3.101997
596	2015-02-03-08-45-10	1422955065917169	1422955076257046	45521	39.690917	-177.859885	2.906281
597	2015-02-03-08-45-10	1422955067984804	1422955077764038	46050	33.596831	-186.630572	2.563529
598	2015-02-03-08-45-10	1422955069773103	1422955079228795	48081	27.659509	-195.091446	2.228066
599	2015-02-03-08-45-10	1422955071421676	1422955080755088	51045	21.887667	-203.428549	1.785561
600	2015-02-03-08-45-10	1422955073046724	1422955082501208	52577	15.840872	-212.321063	1.241334
601	2015-02-03-08-45-10	1422955074671675	1422955085291884	51910	8.258396	-222.985160	0.509623
602	2015-02-03-08-45-10	1422955076257046	1422955088664419	50940	0.627521	-231.639603	-0.185609
603	2015-02-03-08-45-10	1422955077784141	1422955091558122	50344	-7.216193	-237.325001	-0.748135
604	2015-02-03-08-45-10	1422955079268950	1422955093888068	49262	-14.299009	-240.945021	-1.182258
605	2015-02-03-08-45-10	1422955080795252	1422955095715556	44783	-20.820692	-243.503827	-1.492279
606	2015-02-03-08-45-10	1422955082561481	1422955097261241	37829	-27.443314	-245.394869	-1.741732
607	2015-02-03-08-45-10	1422955085392348	1422955098626785	32475	-36.293640	-246.776113	-2.030937
608	2015-02-03-08-45-10	1422955088242022	1422955100551141	33468	-46.898328	-247.418569	-2.312138
609	2015-02-03-08-45-10	1422955090532863	1422955102594083	33369	-57.354515	-247.510606	-2.545123
610	2015-02-03-08-45-10	1422955092702740	1422955104778001	34923	-67.648082	-246.726925	-2.823350
611	2015-02-03-08-45-10	1422955094751498	1422955106802568	37141	-77.495727	-244.843020	-3.070765
612	2015-02-03-08-45-10	1422955096699266	1422955108567513	36805	-86.552212	-241.714649	-3.352878
613	2015-02-03-08-45-10	1422955098606708	1422955110309926	37740	-95.412805	-237.451180	-3.620066
614	2015-02-03-08-45-10	1422955100531129	1422955112154164	38151	-104.013373	-232.459407	-3.834153
615	2015-02-03-08-45-10	1422955102453743	1422955114139443	34526	-112.346762	-227.056193	-4.040447
616	2015-02-03-08-45-10	1422955104397288	1422955116365685	34749	-120.767077	-221.405196	-4.123427
617	2015-02-03-08-45-10	1422955106321248	1422955119093513	35386	-129.055164	-215.109130	-4.243563
618	2015-02-03-08-45-10	1422955108246569	1422955122583928	38952	-137.334499	-206.847132	-4.153506
619	2015-02-03-08-45-10	1422955110189682	1422955125073212	44063	-143.367607	-199.271161	-3.964356
620	2015-02-03-08-45-10	1422955112154164	1422955127098762	46812	-148.246492	-192.284991	-3.780362
621	2015-02-03-08-45-10	1422955114199588	1422955129124022	46250	-152.544853	-185.462547	-3.586632
622	2015-02-03-08-45-10	1422955116425848	1422955131687802	45616	-156.788004	-177.138348	-3.448970
623	2015-02-03-08-45-10	1422955118993221	1422955142883110	45617	-164.015691	-162.504513	-3.179462
624	2015-02-03-08-45-10	1422955121962160	1422955147478784	47179	-171.051001	-155.246314	-3.029371
625	2015-02-03-08-45-10	1422955124350008	1422955149725622	44704	-176.597051	-151.933038	-2.971821
626	2015-02-03-08-45-10	1422955126557773	1422955151531084	40328	-182.043566	-149.895561	-2.970427
627	2015-02-03-08-45-10	1422955128783265	1422955152994837	33105	-186.829764	-148.867428	-2.968556
628	2015-02-03-08-45-10	1422955131487752	1422955154079530	27465	-191.532014	-148.583328	-2.957663
629	2015-02-03-08-45-10	1422955142581633	1422955154962375	26695	-205.586600	-151.151665	-2.914960
630	2015-02-03-08-45-10	1422955145232274	1422955156868935	28223	-216.831961	-153.918163	-2.955468
631	2015-02-03-08-45-10	1422955147218100	1422955158656124	29100	-226.445135	-155.647985	-2.941119
632	2015-02-03-08-45-10	1422955149204284	1422955160362188	31692	-236.185082	-156.666265	-2.929614
633	2015-02-03-08-45-10	1422955151169926	1422955161968786	34176	-245.623018	-156.926016	-2.912197
634	2015-02-03-08-45-10	1422955153035054	1422955163514887	36095	-255.248918	-156.338240	-2.838127
635	2015-02-03-08-45-10	1422955154982445	1422955165020147	39228	-265.106339	-154.834265	-2.725216
636	2015-02-03-08-45-10	1422955156909106	1422955166764932	42515	-276.230936	-152.454967	-2.604373
637	2015-02-03-08-45-10	1422955158656124	1422955168950425	41630	-287.646825	-149.713790	-2.556286
638	2015-02-03-08-45-10	1422955160281844	1422955170879446	40778	-297.467458	-147.233044	-2.537190
639	2015-02-03-08-45-10	1422955161848224	1422955172529636	41114	-306.055403	-145.296267	-2.591573
640	2015-02-03-08-45-10	1422955163414539	1422955174200273	40256	-314.952760	-143.770250	-2.670749
641	2015-02-03-08-45-10	1422955164979967	1422955176047652	38012	-323.745278	-142.772626	-2.765937
642	2015-02-03-08-45-10	1422955166805024	1422955178092742	38346	-334.403794	-142.301967	-2.821180
643	2015-02-03-08-45-10	1422955169010605	1422955180596470	36686	-347.283800	-142.477233	-2.845671
644	2015-02-03-08-45-10	1422955170919720	1422955195880904	36616	-364.769782	-144.358582	-2.840456
645	2015-02-03-08-45-10	1422955172549750	1422955218544295	41033	-374.305708	-145.461037	-2.936213
646	2015-02-03-08-45-10	1422955174180165	1422955221628161	52379	-379.650522	-143.090460	-2.955434
647	2015-02-03-08-45-10	1422955175987474	1422955223107032	52003	-382.952609	-140.877703	-2.944930
648	2015-02-03-08-45-10	1422955178032615	1422955224086840	47102	-385.878545	-138.734721	-2.983082
649	2015-02-03-08-45-10	1422955180556403	1422955224766855	42200	-388.449339	-136.360681	-3.033928
650	2015-02-03-08-45-10	1422955196221846	1422955225127711	38186	-392.597910	-129.060906	-3.171586
651	2015-02-03-08-45-10	1422955218183911	1422955226010045	40472	-397.233442	-110.918435	-3.138106
652	2015-02-03-08-45-10	1422955219606316	1422955227935582	41443	-399.463456	-98.499360	-3.083830
653	2015-02-03-08-45-10	1422955220807330	1422955231000733	39181	-401.858351	-85.512470	-3.026964
654	2015-02-03-08-45-10	1422955222008030	1422955235813987	39136	-404.443576	-73.822547	-3.103955
655	2015-02-03-08-45-10	1422955223246961	1422955237640482	39370	-405.635375	-68.257930	-3.216095
656	2015-02-03-08-45-10	1422955224566594	1422955239425399	40039	-406.885562	-62.137733	-3.218670
657	2015-02-03-08-45-10	1422955226070174	1422955241369799	38730	-408.323285	-55.353140	-3.220297
658	2015-02-03-08-45-10	1422955228055747	1422955243436035	36588	-409.681073	-47.415700	-3.320321
659	2015-02-03-08-45-10	1422955231261545	1422955245779282	33439	-411.047695	-36.036985	-3.388579
660	2015-02-03-08-45-10	1422955235894252	1422955248765855	37314	-409.564408	-18.157812	-3.413559
661	2015-02-03-08-45-10	1422955237700773	1422955250931104	43865	-405.404050	-10.734543	-3.305460
662	2015-02-03-08-45-10	1422955239485549	1422955252473243	43478	-400.865098	-4.703484	-3.300771
663	2015-02-03-08-45-10	1422955241409882	1422955253675144	41826	-395.702947	0.329365	-3.292567
664	2015-02-03-08-45-10	1422955243436035	1422955254716178	41047	-389.749651	4.417825	-3.204999
665	2015-02-03-08-45-10	1422955245479143	1422955256099123	43287	-381.283273	8.159108	-3.160333
666	2015-02-03-08-45-10	1422955247402326	1422955257843132	43947	-371.851762	11.520231	-3.039060
667	2015-02-03-08-45-10	1422955249066613	1422955259746728	43372	-362.207462	14.608226	-2.944060
668	2015-02-03-08-45-10	1422955250710701	1422955261711451	43791	-352.792236	17.542628	-2.816623
669	2015-02-03-08-45-10	1422955252433155	1422955263835454	45229	-342.778682	20.361436	-2.705840
670	2015-02-03-08-45-10	1422955254215570	1422955266930709	45361	-331.577594	23.396121	-2.678203
671	2015-02-03-08-45-10	1422955256059040	1422955273064678	42709	-317.426824	27.224386	-2.668382
672	2015-02-03-08-45-10	1422955257903183	1422955279057575	43171	-307.692140	29.826734	-2.617973
673	2015-02-03-08-45-10	1422955259806912	1422955281887771	47447	-301.265120	31.574339	-2.559941
674	2015-02-03-08-45-10	1422955261771579	1422955285282646	50927	-294.290923	33.515462	-2.483601
675	2015-02-03-08-45-10	1422955263895656	1422955287672046	50214	-288.604868	35.105882	-2.396045
676	2015-02-03-08-45-10	1422955267051415	1422955289958451	45617	-282.724026	36.764312	-2.309281
677	2015-02-03-08-45-10	1422955273386432	1422955292247398	41477	-272.570449	39.659868	-2.043367
678	2015-02-03-08-45-10	1422955279117937	1422955294553407	45264	-259.301765	43.457393	-1.643543
679	2015-02-03-08-45-10	1422955281968159	1422955296796786	44291	-249.708318	46.244237	-1.409289
680	2015-02-03-08-45-10	1422955285342933	1422955298800766	41398	-238.210067	49.420136	-1.179669
681	2015-02-03-08-45-10	1422955287712168	1422955300484921	37057	-228.755286	51.999959	-1.055148
682	2015-02-03-08-45-10	1422955290018612	1422955302050350	36663	-220.261740	54.267426	-0.903034
683	2015-02-03-08-45-10	1422955292307630	1422955303615018	32967	-210.932847	56.583725	-0.913635
684	2015-02-03-08-45-10	1422955294613537	1422955305258641	28620	-200.017806	59.059587	-1.060848
685	2015-02-03-08-45-10	1422955296856895	1422955306983421	28103	-188.819299	61.108140	-1.216915
686	2015-02-03-08-45-10	1422955298840913	1422955308849653	29231	-177.617972	62.873853	-1.303984
687	2015-02-03-08-45-10	1422955300525064	1422955311118475	30763	-166.303316	64.828144	-1.321328
688	2015-02-03-08-45-10	1422955302090456	1422955314309138	36641	-154.857368	69.941097	-1.214583
689	2015-02-03-08-45-10	1422955303675277	1422955317217268	42483	-147.001702	76.810006	-1.105289
690	2015-02-03-08-45-10	1422955305298733	1422955319344387	43831	-141.823241	82.950216	-1.020970
691	2015-02-03-08-45-10	1422955307023525	1422955320709017	43633	-138.158165	88.441557	-0.919886
692	2015-02-03-08-45-10	1422955308909997	1422955321631117	43005	-135.407069	93.944044	-0.814128
693	2015-02-03-08-45-10	1422955311078295	1422955322714189	42492	-133.195216	101.366227	-0.703752
694	2015-02-03-08-45-10	1422955313045516	1422955324179451	39982	-131.087855	110.060994	-0.632256
695	2015-02-03-08-45-10	1422955314910196	1422955325564829	37540	-128.829579	118.793931	-0.573274
696	2015-02-03-08-45-10	1422955317036440	1422955326929081	36661	-126.133595	128.469676	-0.552813
697	2015-02-03-08-45-10	1422955319243935	1422955328332801	34920	-123.168274	138.740513	-0.573888
698	2015-02-03-08-45-10	1422955321130065	1422955329857778	34138	-120.201790	149.844841	-0.589738
699	2015-02-03-08-45-10	1422955322714189	1422955331442147	32778	-117.909370	160.813562	-0.570708
700	2015-02-03-08-45-10	1422955324179451	1422955333024381	34467	-116.106713	171.421663	-0.458652
701	2015-02-03-08-45-10	1422955325584906	1422955334766045	36207	-114.185440	181.671809	-0.243139
702	2015-02-03-08-45-10	1422955326969167	1422955337028596	40931	-110.521632	192.083981	0.149550
703	2015-02-03-08-45-10	1422955328372930	1422955339695107	53897	-104.057581	200.213755	0.540732
704	2015-02-03-08-45-10	1422955329877843	1422955341337879	56123	-97.945088	205.343573	0.851242
705	2015-02-03-08-45-10	1422955331422087	1422955342399872	51400	-92.099248	209.163872	1.119682
706	2015-02-03-08-45-10	1422955333024381	1422955343320493	50128	-85.107016	211.983604	1.387238
707	2015-02-03-08-45-10	1422955334685961	1422955344481901	48810	-76.518962	213.607795	1.605981
708	2015-02-03-08-45-10	1422955336387835	1422955346645340	46943	-64.734263	214.457201	1.832121
709	2015-02-03-08-45-10	1422955338011162	1422955352892238	42438	-47.506683	215.452196	2.207430
710	2015-02-03-08-45-10	1422955339534873	1422955356726755	46222	-39.373413	215.599019	2.451668
711	2015-02-03-08-45-10	1422955341077309	1422955358915473	51021	-33.398208	216.022843	2.612569
712	2015-02-03-08-45-10	1422955342620274	1422955361417249	52670	-27.161129	216.746733	2.720612
713	2015-02-03-08-45-10	1422955344241512	1422955367845882	56177	-17.797083	222.163025	2.816163
714	2015-02-03-08-45-10	1422955346645340	1422955370292543	53398	-13.954803	226.870185	2.885500
715	2015-02-03-08-45-10	1422955353092524	1422955371515929	46344	-7.303921	233.795569	3.011197
716	2015-02-03-08-45-10	1422955356686590	1422955371636235	35795	-3.135992	238.788349	3.027174
717	2015-02-03-08-45-10	1422955358755096	1422955372458781	33962	-1.938844	244.334657	3.017228
718	2015-02-03-08-45-10	1422955361157195	1422955372779832	32519	-1.871966	250.243043	3.007358
719	2015-02-03-08-45-10	1422955364099628	1422955373902076	33437	-4.716457	261.319992	3.069196
720	2015-02-03-08-45-10	1422955366041795	1422955375427391	34269	-7.773294	272.281277	3.144500
721	2015-02-03-08-45-10	1422955367725714	1422955376951649	35038	-10.573320	282.197873	3.243010
722	2015-02-03-08-45-10	1422955369288688	1422955378474072	35995	-13.347882	292.107542	3.330972
723	2015-02-03-08-45-10	1422955370834136	1422955379935401	36145	-15.970598	301.657713	3.409569
724	2015-02-03-08-45-10	1422955372398579	1422955381416572	37052	-18.622808	311.329275	3.465307
725	2015-02-03-08-45-10	1422955373942136	1422955382918483	37365	-21.312859	320.707979	3.512431
726	2015-02-03-08-45-10	1422955375487588	1422955384460491	37893	-24.239018	330.624089	3.530221
727	2015-02-03-08-45-10	1422955376991703	1422955386101960	37587	-27.147859	340.255130	3.538302
728	2015-02-03-08-45-10	1422955378514129	1422955387862730	37939	-30.210872	350.371839	3.643096
729	2015-02-03-08-45-10	1422955379995496	1422955389686322	37714	-33.230603	360.279288	3.849391
730	2015-02-03-08-45-10	1422955381476642	1422955391549139	37368	-36.217571	370.360621	4.112326
731	2015-02-03-08-45-10	1422955382978544	1422955393512148	37446	-39.080753	380.366311	4.400821
732	2015-02-03-08-45-10	1422955384520618	1422955395634935	37488	-42.000488	390.365676	4.714280
733	2015-02-03-08-45-10	1422955386181997	1422955397657991	37847	-44.649317	399.525453	4.941631
734	2015-02-03-08-45-10	1422955387942796	1422955399421096	38849	-47.136155	408.266684	5.067138
735	2015-02-03-08-45-10	1422955389766468	1422955401041765	38779	-49.584779	416.670198	5.111454
736	2015-02-03-08-45-10	1422955391629284	1422955402644974	39936	-52.284997	425.547481	5.147044
737	2015-02-03-08-45-10	1422955393612267	1422955404329225	41384	-55.198054	435.104833	5.108692
738	2015-02-03-08-45-10	1422955395735074	1422955406152362	45055	-58.499545	445.675139	4.994503
739	2015-02-03-08-45-10	1422955397738103	1422955408194792	45509	-62.654655	455.860469	4.850690
740	2015-02-03-08-45-10	1422955399481109	1422955410458560	49469	-67.853105	466.181709	4.620871
741	2015-02-03-08-45-10	1422955401101818	1422955412599404	49863	-72.952940	475.224019	4.380948
742	2015-02-03-08-45-10	1422955402705077	1422955414638747	49801	-77.721234	483.603110	4.225814
743	2015-02-03-08-45-10	1422955404389291	1422955416840652	48388	-82.519871	492.086440	4.177866
744	2015-02-03-08-45-10	1422955406212477	1422955419821007	49899	-86.990196	502.084125	4.259069
745	2015-02-03-08-45-10	1422955408174763	1422955424106458	55353	-87.123053	513.786605	4.273372
746	2015-02-03-08-45-10	1422955410338587	1422955460929053	63511	-62.863204	501.772633	3.428028
747	2015-02-03-08-45-10	1422955412479484	1422955458943528	60144	-62.089466	505.125053	3.429238
748	2015-02-03-08-45-10	1422955414558743	1422955456838157	58851	-60.859157	508.347322	3.418126
749	2015-02-03-08-45-10	1422955416740611	1422955454710872	61941	-58.924420	511.217822	3.382099
750	2015-02-03-08-45-10	1422955419181353	1422955452662878	63317	-55.999706	513.347212	3.296555
751	2015-02-03-08-45-10	1422955421461284	1422955451278209	63995	-53.036153	514.012844	3.203713
752	2015-02-03-08-45-10	1422955423564807	1422955450153444	66286	-50.266799	513.648890	3.132563
753	2015-02-03-08-45-10	1422955425911524	1422955449108449	67306	-47.641948	512.381878	3.070524
754	2015-02-03-08-45-10	1422955428444036	1422955449510208	66570	-46.509867	508.318575	2.982202
755	2015-02-03-08-45-10	1422955430874708	1422955450916887	63922	-47.201687	502.606669	2.915379
756	2015-02-03-08-45-10	1422955433446330	1422955452783409	57302	-49.186747	495.902779	2.885665
757	2015-02-03-08-45-10	1422955436239577	1422955454490107	51709	-51.888782	489.018132	2.888635
758	2015-02-03-08-45-10	1422955439093336	1422955456477276	54774	-55.618130	481.280251	2.889166
759	2015-02-03-08-45-10	1422955441921167	1422955458983555	57210	-58.983336	472.683937	2.864746
760	2015-02-03-08-45-10	1422955444467378	1422955460788629	52615	-60.798069	465.015656	2.899244
761	2015-02-03-08-45-10	1422955446898235	1422955461830992	47138	-61.308411	458.591501	2.974418
762	2015-02-03-08-45-10	1422955449590524	1422955462813135	46341	-60.348980	451.146061	3.087641
763	2015-02-03-08-45-10	1422955452482238	1422955464435794	45497	-57.466770	441.008772	3.219133
764	2015-02-03-08-45-10	1422955454791142	1422955466179005	42288	-54.578225	431.060611	3.383651
765	2015-02-03-08-45-10	1422955456898326	1422955468100654	40049	-51.501490	420.824599	3.674848
766	2015-02-03-08-45-10	1422955458963551	1422955471086411	38485	-47.639342	408.354489	4.082001
767	2015-02-03-08-45-10	1422955460909001	1422955478220026	44907	-38.037468	395.752403	4.389262
768	2015-02-03-08-45-10	1422955462732995	1422955482278206	47291	-29.926988	392.395007	4.483128
769	2015-02-03-08-45-10	1422955464475858	1422955485066345	44655	-22.970251	390.992949	4.538162
770	2015-02-03-08-45-10	1422955466219032	1422955486751603	35608	-17.817862	390.414740	4.555023
771	2015-02-03-08-45-10	1422955468160734	1422955487593541	31833	-13.508430	390.308574	4.533946
772	2015-02-03-08-45-10	1422955471166662	1422955488114660	29868	-7.364103	391.480521	4.461854
773	2015-02-03-08-45-10	1422955474614114	1422955490581642	28605	3.410666	395.671432	4.344952
774	2015-02-03-08-45-10	1422955476796515	1422955493313135	28646	11.772411	398.787404	4.299476
775	2015-02-03-08-45-10	1422955479045044	1422955495785883	27927	20.011177	401.835525	4.298162
776	2015-02-03-08-45-10	1422955481796266	1422955498119653	27791	28.342911	404.922670	4.302171
777	2015-02-03-08-45-10	1422955484825684	1422955500635761	28819	38.321549	408.740334	4.321995
778	2015-02-03-08-45-10	1422955487793978	1422955503491759	30218	48.812316	412.646856	4.419595
779	2015-02-03-08-45-10	1422955490641815	1422955507924453	31974	60.632164	417.409632	4.581327
780	2015-02-03-08-45-10	1422955493353324	1422955512395992	35295	69.877003	421.565521	4.810735
781	2015-02-03-08-45-10	1422955495826111	1422955522780840	40837	80.379888	427.148828	5.082493
782	2015-02-03-08-45-10	1422955498159932	1422955525506905	44792	85.749761	430.653113	5.184885
783	2015-02-03-08-45-10	1422955500696010	1422955528268622	49307	90.443013	435.738866	5.282260
784	2015-02-03-08-45-10	1422955503552228	1422955529980055	47334	93.714527	440.759434	5.340092
785	2015-02-03-08-45-10	1422955508065385	1422955531188472	43077	96.895648	447.037435	5.443414
786	2015-02-03-08-45-10	1422955512436275	1422955532154908	37031	98.746331	453.838727	5.451288
787	2015-02-03-08-45-10	1422955522740498	1422955533060571	37088	99.387748	468.634794	5.319468
788	2015-02-03-08-45-10	1422955524981372	1422955534307295	37293	97.642214	478.515197	5.272621
789	2015-02-03-08-45-10	1422955526698262	1422955535816550	35292	95.254217	488.440632	5.226546
790	2015-02-03-08-45-10	1422955528248485	1422955537366027	33571	93.168699	499.002704	5.266550
791	2015-02-03-08-45-10	1422955529758786	1422955538916012	35294	91.819767	508.991503	5.398233
792	2015-02-03-08-45-10	1422955531289166	1422955540425726	34911	90.703397	518.515671	5.307254
793	2015-02-03-08-45-10	1422955532819205	1422955541912338	30807	90.032029	528.498792	5.183099
794	2015-02-03-08-45-10	1422955534327395	1422955543298136	29246	90.132827	537.911031	5.073187
795	2015-02-03-08-45-10	1422955535856834	1422955544642225	28471	90.748255	547.295963	4.958701
796	2015-02-03-08-45-10	1422955537406247	1422955545947625	27795	91.516259	557.733220	4.657612
797	2015-02-03-08-45-10	1422955538936147	1422955547230765	28065	92.146239	568.090252	4.264560
798	2015-02-03-08-45-10	1422955540445798	1422955548554185	29558	92.727102	578.648558	4.106070
799	2015-02-03-08-45-10	1422955541912338	1422955549858815	31779	93.237315	589.380694	3.971450
800	2015-02-03-08-45-10	1422955543318187	1422955551185641	36269	93.361271	600.013463	3.909983
801	2015-02-03-08-45-10	1422955544662342	1422955552533451	39486	93.114583	610.283226	3.942004
802	2015-02-03-08-45-10	1422955545967704	1422955553899170	40278	92.753814	620.125978	3.864961
803	2015-02-03-08-45-10	1422955547270879	1422955555303124	43844	92.494651	629.950312	3.863499
804	2015-02-03-08-45-10	1422955548574242	1422955556707574	45204	92.226869	639.780386	3.822968
805	2015-02-03-08-45-10	1422955549878915	1422955558089671	46439	91.872393	649.774891	3.757630
806	2015-02-03-08-45-10	1422955551205745	1422955559454038	43802	91.560951	659.611663	3.662767
807	2015-02-03-08-45-10	1422955552553550	1422955560817610	43378	90.948353	669.475816	3.526861
808	2015-02-03-08-45-10	1422955553939266	1422955562203226	44536	89.967302	679.098787	3.499730
809	2015-02-03-08-45-10	1422955555343294	1422955563565703	41997	88.713097	688.843552	3.443807
810	2015-02-03-08-45-10	1422955556747630	1422955564909357	40925	87.477854	698.725758	3.401076
811	2015-02-03-08-45-10	1422955558149856	1422955566213808	40740	86.101598	709.195157	3.334759
812	2015-02-03-08-45-10	1422955559514277	1422955567498684	42584	84.591261	719.412475	3.276165
813	2015-02-03-08-45-10	1422955560877696	1422955568762724	41781	83.173304	729.354097	3.184832
814	2015-02-03-08-45-10	1422955562263433	1422955570029313	42587	81.982137	739.792919	3.129859
815	2015-02-03-08-45-10	1422955563625852	1422955571294420	43723	80.761429	749.529083	3.123184
816	2015-02-03-08-45-10	1422955564949467	1422955572558935	44125	79.534983	758.906753	3.014565
817	2015-02-03-08-45-10	1422955566253958	1422955573804400	40405	78.646421	769.073518	3.150332
818	2015-02-03-08-45-10	1422955567538813	1422955575049275	44075	77.538930	779.604225	3.245042
819	2015-02-03-08-45-10	1422955568802877	1422955576315164	45109	76.742943	789.482931	3.321818
820	2015-02-03-08-45-10	1422955570089642	1422955577563033	41313	75.390084	799.424531	3.217408
821	2015-02-03-08-45-10	1422955571354620	1422955578811842	40228	74.539071	809.476078	3.178177
822	2015-02-03-08-45-10	1422955572619177	1422955580058464	38407	73.788878	819.371753	3.261568
823	2015-02-03-08-45-10	1422955573864693	1422955581306939	42391	72.667590	829.812852	3.092283
824	2015-02-03-08-45-10	1422955575109496	1422955582554095	42732	71.836204	840.274096	2.913129
825	2015-02-03-08-45-10	1422955576355357	1422955583780251	42878	70.849796	849.962679	2.723002
826	2015-02-03-08-45-10	1422955577603353	1422955585023949	44451	70.370150	859.778480	2.684195
827	2015-02-03-08-45-10	1422955578852079	1422955586266399	46023	69.557898	869.674433	2.589777
828	2015-02-03-08-45-10	1422955580118774	1422955587510680	44000	68.711905	879.703261	2.403806
829	2015-02-03-08-45-10	1422955581367358	1422955588733558	40333	67.592976	890.207234	2.224837
830	2015-02-03-08-45-10	1422955582594329	1422955589978315	42775	66.335078	900.339582	2.120330
831	2015-02-03-08-45-10	1422955583840497	1422955591263456	42319	65.246342	910.137366	2.055246
832	2015-02-03-08-45-10	1422955585084120	1422955592567526	40736	63.621912	920.503481	1.906169
833	2015-02-03-08-45-10	1422955586326605	1422955593872437	38302	62.013525	930.813508	1.735287
834	2015-02-03-08-45-10	1422955587570837	1422955595177602	38003	60.235868	940.093983	1.652670
835	2015-02-03-08-45-10	1422955588813832	1422955596443994	35909	58.428858	949.607617	1.571292
836	2015-02-03-08-45-10	1422955590058672	1422955597708784	33863	56.602721	959.286776	1.444906
837	2015-02-03-08-45-10	1422955591343664	1422955598954836	33276	54.807112	968.954191	1.333376
838	2015-02-03-08-45-10	1422955592647733	1422955600178894	32016	53.153763	979.284138	1.356502
839	2015-02-03-08-45-10	1422955593952699	1422955601402628	33753	51.339424	990.334182	1.513281
840	2015-02-03-08-45-10	1422955595258013	1422955602586803	35065	49.852638	1000.381339	1.699302
841	2015-02-03-08-45-10	1422955596524405	1422955603751189	38745	48.437893	1010.309507	1.910042
842	2015-02-03-08-45-10	1422955597769047	1422955604936987	43332	46.940559	1020.296609	2.147463
843	2015-02-03-08-45-10	1422955599015067	1422955606202225	46067	45.495971	1029.936532	2.338957
844	2015-02-03-08-45-10	1422955600239074	1422955607569224	45276	43.905164	1039.796986	2.436560
845	2015-02-03-08-45-10	1422955601442779	1422955609098493	44076	42.068653	1050.904870	2.488427
846	2015-02-03-08-45-10	1422955602626950	1422955610927717	45387	40.267592	1062.065200	2.545156
847	2015-02-03-08-45-10	1422955603791394	1422955613502860	46674	38.326173	1074.096098	2.593366
848	2015-02-03-08-45-10	1422955604997341	1422955616583868	47521	35.974817	1085.110034	2.680734
849	2015-02-03-08-45-10	1422955606262496	1422955621714301	61075	27.449020	1094.030687	2.406025
850	2015-02-03-08-45-10	1422955607629542	1422955623625985	60540	21.848425	1096.737347	2.277563
851	2015-02-03-08-45-10	1422955609158798	1422955624551086	52873	17.472276	1098.688148	2.202013
852	2015-02-03-08-45-10	1422955610987953	1422955625034025	46219	13.404391	1100.218597	2.105899
853	2015-02-03-08-45-10	1422955613603438	1422955625255134	44351	7.757620	1101.194045	1.944391
854	2015-02-03-08-45-10	1422955616543591	1422955625637252	45866	-1.118485	1099.921490	1.611563
855	2015-02-03-08-45-10	1422955618616265	1422955626762363	44896	-10.814554	1096.532584	1.490098
856	2015-02-03-08-45-10	1422955620184848	1422955628028099	45424	-20.818091	1092.769559	1.464760
857	2015-02-03-08-45-10	1422955621593524	1422955629295483	43615	-30.649387	1089.042210	1.532237
858	2015-02-03-08-45-10	1422955622922359	1422955630543265	44845	-39.979924	1085.380362	1.681252
859	2015-02-03-08-45-10	1422955624209270	1422955631810579	44129	-49.695198	1081.615617	1.795197
860	2015-02-03-08-45-10	1422955625496403	1422955633118949	44194	-59.611167	1077.815432	1.893749
861	2015-02-03-08-45-10	1422955626802541	1422955634446618	45377	-69.052285	1074.302261	2.009352
862	2015-02-03-08-45-10	1422955628088368	1422955635872485	45739	-78.867152	1070.538353	2.147563
863	2015-02-03-08-45-10	1422955629355937	1422955637441282	44584	-88.581672	1066.944952	2.174537
864	2015-02-03-08-45-10	1422955630623757	1422955639328427	46726	-99.170596	1062.642974	2.370364
865	2015-02-03-08-45-10	1422955631891055	1422955645230276	43739	-114.005083	1054.760776	2.592863
866	2015-02-03-08-45-10	1422955633179375	1422955650918431	49565	-121.240788	1046.826263	2.890373
867	2015-02-03-08-45-10	1422955634506921	1422955653107798	50079	-123.173095	1041.699494	2.939186
868	2015-02-03-08-45-10	1422955635932781	1422955654231442	49153	-124.476692	1037.748498	2.958865
869	2015-02-03-08-45-10	1422955637501571	1422955654973138	48472	-125.154687	1034.215009	3.013744
870	2015-02-03-08-45-10	1422955639408643	1422955655454724	41900	-125.362795	1030.416166	3.006433
871	2015-02-03-08-45-10	1422955645290571	1422955655956310	38348	-122.747668	1020.004120	3.042782
872	2015-02-03-08-45-10	1422955648426980	1422955657139723	37300	-117.289729	1008.101466	2.944145
873	2015-02-03-08-45-10	1422955650174711	1422955658482959	34764	-112.140509	998.066497	2.664755
874	2015-02-03-08-45-10	1422955651661502	1422955659847402	33860	-107.236167	988.351044	2.466511
875	2015-02-03-08-45-10	1422955653087701	1422955661211825	30985	-102.743510	979.109158	2.382886
876	2015-02-03-08-45-10	1422955654471856	1422955662597329	31599	-98.260055	969.766165	2.358675
877	2015-02-03-08-45-10	1422955655835929	1422955663961251	29620	-93.887876	960.923727	2.367088
878	2015-02-03-08-45-10	1422955657179848	1422955665324469	30529	-89.271670	951.558865	2.353788
879	2015-02-03-08-45-10	1422955658543119	1422955666709301	32826	-84.677338	942.569693	2.427211
880	2015-02-03-08-45-10	1422955659907580	1422955668093337	35561	-80.104164	933.536893	2.456330
881	2015-02-03-08-45-10	1422955661272061	1422955669495883	37269	-75.555926	924.778960	2.506843
882	2015-02-03-08-45-10	1422955662637480	1422955670979536	39827	-70.698183	915.613810	2.536394
883	2015-02-03-08-45-10	1422955664021397	1422955672664528	40030	-65.910188	906.510537	2.544606
884	2015-02-03-08-45-10	1422955665384696	1422955675130309	38719	-60.444716	895.144713	2.548184
885	2015-02-03-08-45-10	1422955666769561	1422955680989027	36786	-52.564506	881.489754	2.614647
