Idx	Dataset	StartIdx	EndIdx	NumPts	X	Y	Z
0	2014-12-16-09-14-09	1418721286917086	1418721348544891	51083	-31.429890	855.514604	1.923775
1	2014-12-16-09-14-09	1418721289541446	1418721347101804	45877	-33.180738	858.304465	1.834819
2	2014-12-16-09-14-09	1418721292265354	1418721345657603	41655	-35.027957	860.513769	1.724359
3	2014-12-16-09-14-09	1418721296911787	1418721344412399	35317	-37.504153	860.893834	1.592755
4	2014-12-16-09-14-09	1418721319831909	1418721344552927	31536	-39.992619	855.435781	1.470144
5	2014-12-16-09-14-09	1418721331044499	1418721344733664	28668	-38.545499	844.633812	1.438352
6	2014-12-16-09-14-09	1418721336465212	1418721345798221	31437	-31.658959	829.745449	1.514429
7	2014-12-16-09-14-09	1418721338427050	1418721347202017	32173	-26.954645	818.662521	1.621530
8	2014-12-16-09-14-09	1418721340069838	1418721348685276	32847	-22.468443	807.838225	1.625328
9	2014-12-16-09-14-09	1418721341590538	1418721350230887	35807	-18.819873	798.077657	1.671527
10	2014-12-16-09-14-09	1418721343050033	1418721351758419	38176	-15.641177	789.033769	1.699635
11	2014-12-16-09-14-09	1418721344452542	1418721353264348	39240	-12.588628	780.171711	1.561460
12	2014-12-16-09-14-09	1418721345838404	1418721354727529	41007	-9.408909	771.615982	1.401677
13	2014-12-16-09-14-09	1418721347242102	1418721356129258	41771	-6.169442	762.580117	1.245329
14	2014-12-16-09-14-09	1418721348745476	1418721357512998	42386	-2.815847	753.068982	1.117577
15	2014-12-16-09-14-09	1418721350291255	1418721358838645	41484	0.468531	743.915164	1.008606
16	2014-12-16-09-14-09	1418721351838715	1418721360142728	40577	3.983470	734.377232	0.855521
17	2014-12-16-09-14-09	1418721353324573	1418721361426396	40435	7.185381	725.189766	0.763591
18	2014-12-16-09-14-09	1418721354787614	1418721362691997	40887	10.540793	715.654184	0.687136
19	2014-12-16-09-14-09	1418721356209318	1418721363979832	39862	14.091344	705.718018	0.542196
20	2014-12-16-09-14-09	1418721357573288	1418721365265431	38667	17.659466	695.848394	0.375649
21	2014-12-16-09-14-09	1418721358898880	1418721366532545	39178	21.259452	686.488983	0.266022
22	2014-12-16-09-14-09	1418721360202869	1418721367777124	38568	25.146272	677.240900	0.205408
23	2014-12-16-09-14-09	1418721361486624	1418721369000266	38300	29.133711	668.252375	0.221519
24	2014-12-16-09-14-09	1418721362752321	1418721370223326	35732	33.087898	659.269088	0.209273
25	2014-12-16-09-14-09	1418721364040109	1418721371447785	35653	37.713922	649.675419	0.309346
26	2014-12-16-09-14-09	1418721365305599	1418721372671969	35743	42.425921	640.395855	0.432349
27	2014-12-16-09-14-09	1418721366572739	1418721373916038	37094	47.226270	631.411007	0.504548
28	2014-12-16-09-14-09	1418721367817259	1418721375218704	35578	51.502487	621.851421	0.634495
29	2014-12-16-09-14-09	1418721369040351	1418721376741957	37627	55.831990	611.691141	0.728571
30	2014-12-16-09-14-09	1418721370263501	1418721378423566	35400	59.834227	602.386405	0.734987
31	2014-12-16-09-14-09	1418721371487900	1418721380651284	31920	64.661142	591.305368	0.816425
32	2014-12-16-09-14-09	1418721372732207	1418721405862532	58994	84.475909	611.399334	0.731790
33	2014-12-16-09-14-09	1418721373976195	1418721404156820	54889	85.224933	608.018114	0.717753
34	2014-12-16-09-14-09	1418721375298870	1418721402310339	49673	86.077562	604.758414	0.692354
35	2014-12-16-09-14-09	1418721376822074	1418721400466442	46570	87.129132	601.691982	0.676330
36	2014-12-16-09-14-09	1418721378523757	1418721398562682	43199	88.224201	599.274519	0.685361
37	2014-12-16-09-14-09	1418721380812062	1418721396077759	38893	90.004356	596.858432	0.515706
38	2014-12-16-09-14-09	1418721384501591	1418721395897096	41634	91.518842	603.871364	0.653249
39	2014-12-16-09-14-09	1418721386729212	1418721398863369	45638	91.104035	616.671026	0.869890
40	2014-12-16-09-14-09	1418721388253989	1418721401208080	48319	90.880329	625.380108	0.878736
41	2014-12-16-09-14-09	1418721389778766	1418721403615006	52345	90.649525	633.423387	0.944662
42	2014-12-16-09-14-09	1418721391405628	1418721406223380	55762	90.300643	642.228416	1.022645
43	2014-12-16-09-14-09	1418721393331645	1418721408545216	56281	90.048870	650.675800	1.102477
44	2014-12-16-09-14-09	1418721395776674	1418721410288175	51233	90.051063	659.139578	1.121025
45	2014-12-16-09-14-09	1418721398943545	1418721411831188	48743	89.808266	669.352121	1.148890
46	2014-12-16-09-14-09	1418721401268238	1418721413253624	48434	89.260248	677.830455	1.258851
47	2014-12-16-09-14-09	1418721403695336	1418721414617737	44327	88.434535	686.925489	1.454674
48	2014-12-16-09-14-09	1418721406283528	1418721415880485	41621	87.443720	697.471291	1.586370
49	2014-12-16-09-14-09	1418721408585264	1418721417083048	39872	85.933415	709.089857	1.680233
50	2014-12-16-09-14-09	1418721410328260	1418721418246043	41157	83.887583	719.697754	1.738722
51	2014-12-16-09-14-09	1418721411871232	1418721419428315	40378	81.863151	730.306868	1.767659
52	2014-12-16-09-14-09	1418721413293663	1418721420610970	42179	80.155238	741.072814	1.872375
53	2014-12-16-09-14-09	1418721414637782	1418721421813801	43533	78.612463	751.071843	1.775943
54	2014-12-16-09-14-09	1418721415900521	1418721422997013	42602	77.405719	760.696236	1.709317
55	2014-12-16-09-14-09	1418721417123149	1418721424160951	39847	76.529248	771.066176	1.799819
56	2014-12-16-09-14-09	1418721418286115	1418721425283832	44381	75.621808	781.169297	1.861867
57	2014-12-16-09-14-09	1418721419468383	1418721426427245	44304	74.823461	790.862027	1.882063
58	2014-12-16-09-14-09	1418721420651074	1418721427549544	39838	73.590208	800.756981	1.791565
59	2014-12-16-09-14-09	1418721421853926	1418721428674643	39242	72.887641	810.845066	1.868954
60	2014-12-16-09-14-09	1418721423037113	1418721429820657	38301	72.108783	821.047082	2.009987
61	2014-12-16-09-14-09	1418721424201044	1418721430966206	42017	70.998373	831.693475	1.950491
62	2014-12-16-09-14-09	1418721425343977	1418721432170437	42481	70.165073	842.263239	1.893117
63	2014-12-16-09-14-09	1418721426467326	1418721433475284	42174	69.333463	852.530102	1.858101
64	2014-12-16-09-14-09	1418721427589659	1418721434941131	46297	68.834063	863.229564	1.964717
65	2014-12-16-09-14-09	1418721428714843	1418721436664670	46290	68.047388	874.135328	2.086169
66	2014-12-16-09-14-09	1418721429860993	1418721439009145	44242	67.181994	885.745777	2.064850
67	2014-12-16-09-14-09	1418721431026511	1418721515530434	44470	65.105706	904.132922	2.058809
68	2014-12-16-09-14-09	1418721432230633	1418721518436824	50991	64.431211	910.252934	1.514629
69	2014-12-16-09-14-09	1418721433535555	1418721520582849	53752	63.870151	915.543631	1.244123
70	2014-12-16-09-14-09	1418721435021313	1418721522806629	55951	63.107440	921.675616	0.992832
71	2014-12-16-09-14-09	1418721436764805	1418721624462516	57640	61.571120	932.030712	0.743050
72	2014-12-16-09-14-09	1418721439129615	1418721626908476	57713	60.538868	937.842390	0.596762
73	2014-12-16-09-14-09	1418721514828791	1418721628790268	55072	58.735140	949.507395	-0.133748
74	2014-12-16-09-14-09	1418721518296468	1418721631158858	54564	57.318136	960.153240	0.229565
75	2014-12-16-09-14-09	1418721520442290	1418721646646436	66408	73.721626	962.792859	0.081709
76	2014-12-16-09-14-09	1418721522646247	1418721645901699	58782	73.731033	965.766592	0.134822
77	2014-12-16-09-14-09	1418721624161496	1418721645117272	51474	76.528754	969.801491	0.119619
78	2014-12-16-09-14-09	1418721626768346	1418721644231385	46253	77.905242	973.011714	0.076570
79	2014-12-16-09-14-09	1418721628830367	1418721643286951	43568	79.680859	975.281642	0.073744
80	2014-12-16-09-14-09	1418721631098609	1418721642646266	40641	83.565814	975.294704	-0.005697
81	2014-12-16-09-14-09	1418721633167833	1418721643046699	41255	88.463509	970.717701	-0.134635
82	2014-12-16-09-14-09	1418721635015146	1418721643808667	39723	92.928774	963.719852	-0.333075
83	2014-12-16-09-14-09	1418721636799205	1418721644714672	40785	96.469322	955.504154	-0.397790
84	2014-12-16-09-14-09	1418721638464924	1418721645760858	41368	99.713667	946.141982	-0.459552
85	2014-12-16-09-14-09	1418721640015215	1418721646787438	39365	103.470755	936.186007	-0.547293
86	2014-12-16-09-14-09	1418721641321618	1418721647772730	40197	107.533904	926.403949	-0.626000
87	2014-12-16-09-14-09	1418721642506004	1418721648775985	40949	111.920283	916.598333	-0.631314
88	2014-12-16-09-14-09	1418721643627809	1418721649741190	42363	116.471267	907.504594	-0.620241
89	2014-12-16-09-14-09	1418721644714672	1418721650707155	43137	121.352502	898.881012	-0.673116
90	2014-12-16-09-14-09	1418721645801099	1418721651652915	44724	126.734777	890.187357	-0.672298
91	2014-12-16-09-14-09	1418721646827709	1418721652598050	41364	131.928608	882.208929	-0.724880
92	2014-12-16-09-14-09	1418721647832891	1418721653540721	39326	137.708175	873.882070	-0.845252
93	2014-12-16-09-14-09	1418721648816168	1418721654464346	36974	144.096588	865.476118	-0.933756
94	2014-12-16-09-14-09	1418721649781436	1418721655410068	37530	150.481564	857.439919	-1.035605
95	2014-12-16-09-14-09	1418721650747424	1418721656435617	34918	157.304115	848.986465	-1.019323
96	2014-12-16-09-14-09	1418721651693179	1418721657460813	35764	164.049089	840.587338	-1.025375
97	2014-12-16-09-14-09	1418721652638197	1418721658564235	38181	170.684081	832.546568	-0.922405
98	2014-12-16-09-14-09	1418721653580825	1418721659750282	40332	177.514116	824.575645	-0.822378
99	2014-12-16-09-14-09	1418721654524800	1418721661037106	41893	184.660217	816.444960	-0.716183
100	2014-12-16-09-14-09	1418721655490556	1418721662363572	47240	191.708193	808.817596	-0.602008
101	2014-12-16-09-14-09	1418721656495995	1418721663666578	50126	198.592332	801.767446	-0.530641
102	2014-12-16-09-14-09	1418721657541065	1418721665011720	50978	205.468466	795.254472	-0.493664
103	2014-12-16-09-14-09	1418721658624492	1418721666378314	52273	212.340267	789.299106	-0.526730
104	2014-12-16-09-14-09	1418721659810612	1418721667843870	51071	219.671669	783.081279	-0.557784
105	2014-12-16-09-14-09	1418721661077322	1418721669446926	49501	227.504782	776.737057	-0.626837
106	2014-12-16-09-14-09	1418721662383654	1418721671312499	43322	236.268023	769.320576	-0.484990
107	2014-12-16-09-14-09	1418721663686623	1418721673994936	44388	245.780567	761.353395	-0.494469
108	2014-12-16-09-14-09	1418721665011720	1418721680330287	47504	258.074718	750.741108	-0.344304
109	2014-12-16-09-14-09	1418721666398398	1418721682792838	54808	262.868303	746.055579	-0.235985
110	2014-12-16-09-14-09	1418721667863901	1418721684714043	58723	266.779926	741.681121	-0.114304
111	2014-12-16-09-14-09	1418721669487043	1418721686380089	59402	270.096861	737.198093	0.013263
112	2014-12-16-09-14-09	1418721671372579	1418721688044411	59917	273.321294	732.222766	0.041405
113	2014-12-16-09-14-09	1418721674075297	1418721689749488	58005	276.853255	725.812140	0.186144
114	2014-12-16-09-14-09	1418721680350343	1418721691496221	54729	283.637320	711.009994	0.486695
115	2014-12-16-09-14-09	1418721682712846	1418721693378128	51805	287.800246	699.820451	0.709059
116	2014-12-16-09-14-09	1418721684573686	1418721695266075	51580	291.170010	689.722631	0.858013
117	2014-12-16-09-14-09	1418721686219432	1418721697074054	52615	294.094907	680.481929	0.987723
118	2014-12-16-09-14-09	1418721687924161	1418721698839475	54842	296.815351	671.871024	1.111026
119	2014-12-16-09-14-09	1418721689689246	1418721700485614	54254	299.383802	662.951769	1.223983
120	2014-12-16-09-14-09	1418721691496221	1418721702133352	51321	302.221278	653.635466	1.341919
121	2014-12-16-09-14-09	1418721693418226	1418721703819271	50266	305.103664	643.704773	1.387949
122	2014-12-16-09-14-09	1418721695306247	1418721705530013	47713	308.087616	633.658210	1.481781
123	2014-12-16-09-14-09	1418721697114250	1418721707354579	44985	311.355765	623.489639	1.490764
124	2014-12-16-09-14-09	1418721698879539	1418721709341225	44689	314.880679	613.220269	1.579474
125	2014-12-16-09-14-09	1418721700525688	1418721711825447	43065	318.629509	602.583633	1.676056
126	2014-12-16-09-14-09	1418721702193462	1418721718263710	40823	324.505130	587.750413	1.647239
127	2014-12-16-09-14-09	1418721703859496	1418721721486934	44161	327.784503	580.030451	1.757047
128	2014-12-16-09-14-09	1418721705590270	1418721724108300	50420	330.561287	573.003517	1.922156
129	2014-12-16-09-14-09	1418721707414718	1418721747262984	54385	334.603231	562.964210	2.183596
130	2014-12-16-09-14-09	1418721709381387	1418721752128579	58515	337.842688	555.406700	2.148114
131	2014-12-16-09-14-09	1418721711905799	1418721755382971	63454	340.797839	549.344075	2.161411
132	2014-12-16-09-14-09	1418721718363917	1418721759951542	71654	348.420953	540.523394	2.115921
133	2014-12-16-09-14-09	1418721721527007	1418721761559568	70968	352.941495	537.379318	2.013410
134	2014-12-16-09-14-09	1418721724148368	1418721762502089	63529	356.821831	535.531720	1.836477
135	2014-12-16-09-14-09	1418721747262984	1418721763141850	57895	363.512018	533.478880	1.450087
136	2014-12-16-09-14-09	1418721752168554	1418721763502231	46738	372.527280	532.740064	1.225562
137	2014-12-16-09-14-09	1418721755161914	1418721764124380	43317	382.181160	535.819696	0.882580
138	2014-12-16-09-14-09	1418721757328045	1418721765389341	41344	393.020040	540.478213	0.598675
139	2014-12-16-09-14-09	1418721758809194	1418721766633529	41265	403.024970	544.535586	0.447999
140	2014-12-16-09-14-09	1418721760192471	1418721767878259	38776	412.547277	548.370765	0.312095
141	2014-12-16-09-14-09	1418721761559568	1418721769086038	39900	421.954247	552.108795	0.185384
142	2014-12-16-09-14-09	1418721762881954	1418721770292364	38634	431.188310	555.716486	0.067287
143	2014-12-16-09-14-09	1418721764184638	1418721771499648	37957	440.428935	559.470524	-0.050469
144	2014-12-16-09-14-09	1418721765469598	1418721772731182	34705	449.577278	562.953033	-0.219884
145	2014-12-16-09-14-09	1418721766733846	1418721773980676	35236	459.922999	567.113615	-0.348762
146	2014-12-16-09-14-09	1418721767958711	1418721775245515	36099	469.558155	571.161541	-0.524859
147	2014-12-16-09-14-09	1418721769166518	1418721776493338	36525	478.845860	575.310000	-0.772044
148	2014-12-16-09-14-09	1418721770372741	1418721777720985	38256	488.359555	580.056697	-0.929423
149	2014-12-16-09-14-09	1418721771580325	1418721778924209	42128	497.360655	585.022924	-1.110066
150	2014-12-16-09-14-09	1418721772811946	1418721780111628	43321	505.448599	589.947416	-1.228198
151	2014-12-16-09-14-09	1418721774040932	1418721781340515	43277	514.275949	595.498339	-1.450659
152	2014-12-16-09-14-09	1418721775285707	1418721782625802	46987	522.803403	601.024274	-1.601952
153	2014-12-16-09-14-09	1418721776533627	1418721784074371	46897	531.268611	606.397847	-1.676117
154	2014-12-16-09-14-09	1418721777761182	1418721785858750	46235	540.612608	612.025965	-1.875893
155	2014-12-16-09-14-09	1418721778964361	1418721788405452	44554	551.135917	618.583303	-2.056837
156	2014-12-16-09-14-09	1418721780172191	1418721797189508	41442	565.801170	628.657660	-1.978781
157	2014-12-16-09-14-09	1418721781400751	1418721803053813	58687	574.219238	627.966388	-1.886397
158	2014-12-16-09-14-09	1418721782686190	1418721804720427	58632	578.382712	626.488928	-1.867808
159	2014-12-16-09-14-09	1418721784154752	1418721805624765	54965	581.516191	625.471163	-1.857392
160	2014-12-16-09-14-09	1418721785959072	1418721806168002	48888	584.020569	624.546141	-1.820033
161	2014-12-16-09-14-09	1418721788565655	1418721806490052	41934	586.562884	622.961078	-1.738094
162	2014-12-16-09-14-09	1418721797269740	1418721806771993	40886	595.439196	610.313586	-1.688555
163	2014-12-16-09-14-09	1418721799719284	1418721807976955	40528	600.636626	600.297865	-1.763037
164	2014-12-16-09-14-09	1418721801404566	1418721809221248	38690	606.051410	590.926203	-1.968064
165	2014-12-16-09-14-09	1418721802893078	1418721810548282	39738	611.492174	581.382032	-2.154215
166	2014-12-16-09-14-09	1418721804218452	1418721811873475	40316	616.638303	571.708175	-2.272604
167	2014-12-16-09-14-09	1418721805504076	1418721813259899	42051	621.381174	561.590305	-2.399703
168	2014-12-16-09-14-09	1418721806771993	1418721814641274	45194	625.405318	552.377529	-2.458956
169	2014-12-16-09-14-09	1418721808037109	1418721815968156	47828	629.292133	543.497083	-2.568379
170	2014-12-16-09-14-09	1418721809281570	1418721817275455	48682	632.731406	535.030058	-2.632436
171	2014-12-16-09-14-09	1418721810608493	1418721818619136	46068	636.103843	526.399031	-2.661827
172	2014-12-16-09-14-09	1418721811953797	1418721820003546	45354	639.428163	517.075023	-2.726810
173	2014-12-16-09-14-09	1418721813340124	1418721821346170	42890	642.983379	507.028790	-2.717591
174	2014-12-16-09-14-09	1418721814701413	1418721822649273	41170	646.129066	497.313097	-2.673767
175	2014-12-16-09-14-09	1418721816028594	1418721823954135	41616	648.830408	487.351311	-2.532736
176	2014-12-16-09-14-09	1418721817335708	1418721825256826	41507	651.151944	477.442914	-2.380511
177	2014-12-16-09-14-09	1418721818679276	1418721826520554	42390	653.006646	467.914478	-2.204511
178	2014-12-16-09-14-09	1418721820043711	1418721827803353	42714	654.973280	457.904927	-2.039037
179	2014-12-16-09-14-09	1418721821386163	1418721829084580	43348	656.669623	447.589233	-1.929923
180	2014-12-16-09-14-09	1418721822689454	1418721830407842	45577	658.331828	437.464812	-1.811168
181	2014-12-16-09-14-09	1418721823994219	1418721831829859	45506	660.093271	427.494846	-1.687341
182	2014-12-16-09-14-09	1418721825296897	1418721833357767	44158	661.860754	417.323439	-1.564060
183	2014-12-16-09-14-09	1418721826580802	1418721834880339	46098	663.500622	407.228863	-1.444037
184	2014-12-16-09-14-09	1418721827863351	1418721836364302	45597	664.966160	397.277670	-1.238726
185	2014-12-16-09-14-09	1418721829144712	1418721837806359	43423	666.352000	388.089948	-1.052880
186	2014-12-16-09-14-09	1418721830467914	1418721839288271	39647	667.306329	377.991279	-0.825285
187	2014-12-16-09-14-09	1418721831890059	1418721841008568	42886	667.998983	367.156192	-0.604623
188	2014-12-16-09-14-09	1418721833437967	1418721842950820	44006	668.718164	355.764407	-0.327800
189	2014-12-16-09-14-09	1418721834940421	1418721845214179	41872	669.548105	344.436478	-0.059722
190	2014-12-16-09-14-09	1418721836404418	1418721846965565	45362	670.145226	335.267442	0.086214
191	2014-12-16-09-14-09	1418721837846382	1418721848633859	48164	670.416789	327.291109	0.204444
192	2014-12-16-09-14-09	1418721839328320	1418721850505381	49241	670.831380	318.711091	0.224572
193	2014-12-16-09-14-09	1418721841048561	1418721852394345	51162	671.148021	309.164445	0.230520
194	2014-12-16-09-14-09	1418721843030911	1418721854081279	49099	671.338003	299.357334	0.194862
195	2014-12-16-09-14-09	1418721845274478	1418721855766218	45159	671.201970	288.027706	0.071608
196	2014-12-16-09-14-09	1418721847005814	1418721857788732	41904	671.009110	276.965792	-0.094157
197	2014-12-16-09-14-09	1418721848694258	1418721876519514	36189	671.410003	260.207038	-0.171086
198	2014-12-16-09-14-09	1418721850545519	1418721883392201	49625	667.585993	248.899102	0.176497
199	2014-12-16-09-14-09	1418721852414459	1418721885839675	51542	663.206741	244.432148	0.270478
200	2014-12-16-09-14-09	1418721854101327	1418721887062985	49865	659.911054	241.787685	0.327223
201	2014-12-16-09-14-09	1418721855806327	1418721887744923	45352	657.284691	239.834300	0.393102
202	2014-12-16-09-14-09	1418721857848931	1418721888146607	39769	654.590147	238.373456	0.499273
203	2014-12-16-09-14-09	1418721876659567	1418721888267251	35383	645.887273	237.138977	0.791475
204	2014-12-16-09-14-09	1418721880546711	1418721889310960	32353	632.492198	238.112801	0.674181
205	2014-12-16-09-14-09	1418721882410121	1418721890614103	32839	621.328045	238.750907	0.574812
206	2014-12-16-09-14-09	1418721883972533	1418721891979155	32975	610.438356	239.259871	0.418839
207	2014-12-16-09-14-09	1418721885397541	1418721893401996	31849	600.140367	239.647874	0.235108
208	2014-12-16-09-14-09	1418721886742321	1418721894846428	32955	589.563988	239.976165	0.076729
209	2014-12-16-09-14-09	1418721888046130	1418721896348773	32854	579.133310	240.034508	-0.121173
210	2014-12-16-09-14-09	1418721889351025	1418721897990238	32775	568.478733	239.809912	-0.281995
211	2014-12-16-09-14-09	1418721890674308	1418721900231052	32453	556.608379	239.258387	-0.385993
212	2014-12-16-09-14-09	1418721892039353	1418721903431799	31576	544.253581	238.320370	-0.429762
213	2014-12-16-09-14-09	1418721893462064	1418721905681538	32833	535.657363	237.488413	-0.431370
214	2014-12-16-09-14-09	1418721894906640	1418721908290988	33092	526.492403	236.296461	-0.496723
215	2014-12-16-09-14-09	1418721896408779	1418721940533246	33540	512.401613	233.823080	-0.366234
216	2014-12-16-09-14-09	1418721898050325	1418721949333383	40189	502.683103	231.120237	0.397275
217	2014-12-16-09-14-09	1418721900331185	1418721951797830	43649	497.650942	229.478412	0.657818
218	2014-12-16-09-14-09	1418721903492001	1418721953584297	45129	491.941963	227.131868	1.004125
219	2014-12-16-09-14-09	1418721905721636	1418721955090271	43365	487.756864	224.832378	1.331042
220	2014-12-16-09-14-09	1418721908351233	1418721956554572	44104	483.504794	222.043276	1.734863
221	2014-12-16-09-14-09	1418721940553298	1418721958038361	48912	475.098483	215.650542	2.753550
222	2014-12-16-09-14-09	1418721949113287	1418721959600025	48429	461.030396	204.034678	3.269146
223	2014-12-16-09-14-09	1418721951477642	1418721961182839	48835	452.154034	197.187550	3.452038
224	2014-12-16-09-14-09	1418721953263130	1418721962763455	48069	443.551678	191.485941	3.497305
225	2014-12-16-09-14-09	1418721954849057	1418721964307777	45524	434.997612	186.200910	3.468179
226	2014-12-16-09-14-09	1418721956414291	1418721965930908	45207	426.126913	180.970184	3.497228
227	2014-12-16-09-14-09	1418721958038361	1418721967713013	48163	416.833360	176.061044	3.481507
228	2014-12-16-09-14-09	1418721959620041	1418721969613773	47051	407.621834	171.623401	3.455342
229	2014-12-16-09-14-09	1418721961202883	1418721971498339	44573	398.302115	167.538990	3.349141
230	2014-12-16-09-14-09	1418721962783485	1418721973389134	41599	388.972989	163.982046	3.256959
231	2014-12-16-09-14-09	1418721964347916	1418721975340823	39127	379.713091	160.897098	3.136035
232	2014-12-16-09-14-09	1418721965990989	1418721978983184	37055	367.014533	157.109091	2.971324
233	2014-12-16-09-14-09	1418721967753008	1418721984115971	38173	354.755781	154.374673	2.951026
234	2014-12-16-09-14-09	1418721969633815	1418722006433042	76289	367.680472	163.976871	3.025581
235	2014-12-16-09-14-09	1418721971478257	1418722004889316	71954	363.844822	163.054238	3.047162
236	2014-12-16-09-14-09	1418721973348901	1418722003422839	65645	360.359731	162.357581	3.054584
237	2014-12-16-09-14-09	1418721975320694	1418722001936135	58049	357.377662	161.900929	3.098656
238	2014-12-16-09-14-09	1418721979063545	1418722000447785	49417	355.576443	162.777446	3.153298
239	2014-12-16-09-14-09	1418721983714235	1418721999083958	43616	356.611902	165.138887	3.191289
240	2014-12-16-09-14-09	1418721988975901	1418721999865978	46110	368.963070	167.805803	3.240893
241	2014-12-16-09-14-09	1418721991161323	1418722001392943	45977	379.311858	169.678479	3.171005
242	2014-12-16-09-14-09	1418721993085777	1418722002880612	46381	389.087641	171.917738	3.058850
243	2014-12-16-09-14-09	1418721994930655	1418722004387669	47101	399.005996	174.629162	2.990215
244	2014-12-16-09-14-09	1418721996655959	1418722005971497	47359	409.019248	177.662256	2.964237
245	2014-12-16-09-14-09	1418721998320873	1418722007656419	43770	418.773030	181.397194	2.847816
246	2014-12-16-09-14-09	1418721999906065	1418722009522060	41250	429.472228	185.937274	2.879781
247	2014-12-16-09-14-09	1418722001433186	1418722011931335	45296	440.238228	191.539570	3.013498
248	2014-12-16-09-14-09	1418722002940809	1418722042374310	41732	454.143110	200.237238	3.072824
249	2014-12-16-09-14-09	1418722004427838	1418722046405385	42721	460.772561	205.131523	2.858986
250	2014-12-16-09-14-09	1418722005991553	1418722049876259	45978	466.019234	210.737811	2.756774
251	2014-12-16-09-14-09	1418722007636386	1418722052647265	50091	468.647142	216.552894	2.723934
252	2014-12-16-09-14-09	1418722009481868	1418722054231469	43798	470.133806	221.616460	2.644290
253	2014-12-16-09-14-09	1418722011871112	1418722055415929	40565	471.051976	226.820789	2.512307
254	2014-12-16-09-14-09	1418722042074276	1418722056318675	41790	471.448096	236.750950	2.252608
255	2014-12-16-09-14-09	1418722046284996	1418722057081458	41266	469.993988	246.778436	2.314351
256	2014-12-16-09-14-09	1418722049033576	1418722058223604	42839	465.884604	257.270009	2.312949
257	2014-12-16-09-14-09	1418722050981416	1418722059585829	41504	461.750041	267.236503	2.239686
258	2014-12-16-09-14-09	1418722052587111	1418722060929105	39999	457.646462	276.871066	2.199560
259	2014-12-16-09-14-09	1418722054050767	1418722062250445	40701	453.587030	286.451031	2.195472
260	2014-12-16-09-14-09	1418722055456062	1418722063514550	42803	449.568238	295.779242	2.160852
261	2014-12-16-09-14-09	1418722056880710	1418722064757472	43017	445.419974	305.136941	2.102223
262	2014-12-16-09-14-09	1418722058283706	1418722066003044	42452	441.078510	314.545701	1.939334
263	2014-12-16-09-14-09	1418722059645913	1418722067186533	41536	436.965385	323.593996	1.889932
264	2014-12-16-09-14-09	1418722060989211	1418722068371662	41672	432.835844	332.815610	1.736691
265	2014-12-16-09-14-09	1418722062310518	1418722069575638	39311	428.619702	341.863432	1.412992
266	2014-12-16-09-14-09	1418722063574734	1418722070779146	39921	424.242662	351.482137	1.216781
267	2014-12-16-09-14-09	1418722064817619	1418722072003253	41819	419.889919	360.760022	1.020908
268	2014-12-16-09-14-09	1418722066043232	1418722073207820	41841	415.726493	369.903146	0.879865
269	2014-12-16-09-14-09	1418722067226643	1418722074471190	42047	411.249759	379.458502	0.694680
270	2014-12-16-09-14-09	1418722068411739	1418722075716413	43234	406.881159	388.704526	0.528670
271	2014-12-16-09-14-09	1418722069615748	1418722076921163	44734	403.040628	397.233649	0.440880
272	2014-12-16-09-14-09	1418722070819271	1418722078129188	43533	398.817888	406.326325	0.280668
273	2014-12-16-09-14-09	1418722072023306	1418722079413705	42876	394.748236	415.255786	0.226470
274	2014-12-16-09-14-09	1418722073247968	1418722080759779	43060	390.673365	424.661740	0.286769
275	2014-12-16-09-14-09	1418722074511338	1418722082184096	43108	386.302176	434.500406	0.331809
276	2014-12-16-09-14-09	1418722075756563	1418722083709539	45341	381.995963	444.861526	0.523240
277	2014-12-16-09-14-09	1418722076961412	1418722085452751	48028	377.710688	454.947673	0.758303
278	2014-12-16-09-14-09	1418722078169388	1418722087957242	51169	373.196086	465.991278	0.990936
279	2014-12-16-09-14-09	1418722079433766	1418722094069395	60518	367.007144	480.152359	1.248895
280	2014-12-16-09-14-09	1418722080779876	1418722127081224	66546	363.233231	489.375400	1.287281
281	2014-12-16-09-14-09	1418722082204144	1418722129244087	70726	361.468871	493.864536	1.296762
282	2014-12-16-09-14-09	1418722083729623	1418722131505741	71481	359.311547	498.568036	1.243343
283	2014-12-16-09-14-09	1418722085472814	1418722134130687	64840	356.969501	504.143584	1.249003
284	2014-12-16-09-14-09	1418722088017359	1418722136713161	59657	354.206543	510.488782	1.245979
285	2014-12-16-09-14-09	1418722094209854	1418722139416799	54261	349.783983	521.565329	1.253171
286	2014-12-16-09-14-09	1418722127081224	1418722143182575	52162	342.822043	538.433395	1.361774
287	2014-12-16-09-14-09	1418722129244087	1418722150690438	66361	333.536354	548.860077	1.475073
288	2014-12-16-09-14-09	1418722131505741	1418722153375107	64821	327.827177	551.550616	1.469944
289	2014-12-16-09-14-09	1418722134130687	1418722154739236	58893	322.724694	553.605136	1.465994
290	2014-12-16-09-14-09	1418722136713161	1418722155621544	51827	317.921322	554.947906	1.485569
291	2014-12-16-09-14-09	1418722139416799	1418722156122359	43199	313.156894	555.353290	1.426563
292	2014-12-16-09-14-09	1418722143242682	1418722156342777	38400	306.232917	553.963377	1.335747
293	2014-12-16-09-14-09	1418722147487408	1418722157906819	38178	292.742763	547.514140	1.126482
294	2014-12-16-09-14-09	1418722149428622	1418722160152729	38611	281.636891	542.370864	1.075807
295	2014-12-16-09-14-09	1418722151231040	1418722164197482	44421	268.006147	538.930376	1.141409
296	2014-12-16-09-14-09	1418722152893942	1418722167877417	54881	258.299082	540.412134	1.242808
297	2014-12-16-09-14-09	1418722154458362	1418722169521204	56420	252.510786	542.440164	1.318120
298	2014-12-16-09-14-09	1418722156062257	1418722170644489	53641	247.668173	544.773754	1.340996
299	2014-12-16-09-14-09	1418722157926861	1418722171446457	50691	243.299550	547.743618	1.367125
300	2014-12-16-09-14-09	1418722160192824	1418722172109010	43637	238.936046	552.274269	1.394712
301	2014-12-16-09-14-09	1418722162855027	1418722173452097	44248	233.219123	561.024840	1.455578
302	2014-12-16-09-14-09	1418722165477480	1418722175017885	44831	226.729554	571.652333	1.651510
303	2014-12-16-09-14-09	1418722167336986	1418722176561511	41193	220.393456	580.640071	1.746650
304	2014-12-16-09-14-09	1418722168859750	1418722178025750	38633	214.357600	588.084368	1.834780
305	2014-12-16-09-14-09	1418722170343783	1418722179429832	36414	207.976512	595.248247	1.932259
306	2014-12-16-09-14-09	1418722171908242	1418722180832183	35708	200.876792	602.142433	2.007324
307	2014-12-16-09-14-09	1418722173512233	1418722182195625	35008	193.008380	609.006531	2.080099
308	2014-12-16-09-14-09	1418722175078060	1418722183619032	34341	184.721453	615.697465	2.112809
309	2014-12-16-09-14-09	1418722176561511	1418722185062180	34290	176.677060	622.155180	2.135834
310	2014-12-16-09-14-09	1418722177985627	1418722186644023	35743	168.857076	628.667628	2.122998
311	2014-12-16-09-14-09	1418722179389704	1418722188264051	37961	161.162394	635.482102	2.171455
312	2014-12-16-09-14-09	1418722180812169	1418722189885721	40513	154.261195	642.706715	2.222277
313	2014-12-16-09-14-09	1418722182235738	1418722191488343	42591	148.212296	650.484013	2.168731
314	2014-12-16-09-14-09	1418722183679144	1418722193309642	43488	142.726848	659.542868	2.073028
315	2014-12-16-09-14-09	1418722185142291	1418722195699981	41511	137.804849	669.686615	1.902336
316	2014-12-16-09-14-09	1418722186704025	1418722199512983	43836	133.819556	681.077539	1.879760
317	2014-12-16-09-14-09	1418722188264051	1418722203607934	54903	134.941059	691.619828	1.801624
318	2014-12-16-09-14-09	1418722189785623	1418722205294030	58404	137.364605	697.593609	1.746924
319	2014-12-16-09-14-09	1418722191308117	1418722206357210	58403	139.869956	702.071560	1.718086
320	2014-12-16-09-14-09	1418722193069227	1418722207139270	55244	142.848864	706.153635	1.717815
321	2014-12-16-09-14-09	1418722195478457	1418722207660765	51159	147.152494	710.270377	1.785829
322	2014-12-16-09-14-09	1418722199312622	1418722208262166	47726	156.870365	715.447645	1.730524
323	2014-12-16-09-14-09	1418722201438920	1418722209466881	50814	167.458254	719.699943	1.684497
324	2014-12-16-09-14-09	1418722202985413	1418722210732595	51993	177.073843	723.637418	1.667659
325	2014-12-16-09-14-09	1418722204350513	1418722212058783	52192	186.807148	727.530684	1.630855
326	2014-12-16-09-14-09	1418722205695273	1418722213482389	51835	196.998189	731.450025	1.651072
327	2014-12-16-09-14-09	1418722206978788	1418722215189372	52191	207.647574	735.275261	1.664352
328	2014-12-16-09-14-09	1418722208262166	1418722217743394	50766	219.541614	739.672774	1.638880
329	2014-12-16-09-14-09	1418722209507102	1418722232732514	65387	228.770828	755.665633	1.393072
330	2014-12-16-09-14-09	1418722210772745	1418722233736236	62571	229.270310	759.203752	1.403751
331	2014-12-16-09-14-09	1418722212098993	1418722234137552	56137	229.991241	761.756071	1.397985
332	2014-12-16-09-14-09	1418722213502420	1418722234237869	48618	230.650257	763.906221	1.363387
333	2014-12-16-09-14-09	1418722215229552	1418722234117507	43602	231.012140	766.140519	1.326890
334	2014-12-16-09-14-09	1418722217823679	1418722233956992	41622	229.566169	769.875384	1.274726
335	2014-12-16-09-14-09	1418722226765623	1418722234659657	46334	217.988345	781.391587	1.625162
336	2014-12-16-09-14-09	1418722228412960	1418722235905045	48013	209.642856	788.678295	1.725498
337	2014-12-16-09-14-09	1418722229697080	1418722237108261	50344	202.494083	795.036034	1.855017
338	2014-12-16-09-14-09	1418722230943156	1418722238291136	49376	195.570003	801.638183	1.921590
339	2014-12-16-09-14-09	1418722232209700	1418722239473372	47794	188.628451	808.786141	1.947297
340	2014-12-16-09-14-09	1418722233455189	1418722240615198	43997	181.872878	816.229970	1.947447
341	2014-12-16-09-14-09	1418722234699843	1418722241757600	43510	175.090068	824.013670	1.913360
342	2014-12-16-09-14-09	1418722235925084	1418722242899368	40393	168.326387	831.742106	1.787213
343	2014-12-16-09-14-09	1418722237128336	1418722244100537	37736	161.734455	839.554888	1.650865
344	2014-12-16-09-14-09	1418722238311173	1418722245322053	38232	155.113637	847.894107	1.588933
345	2014-12-16-09-14-09	1418722239493422	1418722246583698	41412	148.352709	856.290188	1.557147
346	2014-12-16-09-14-09	1418722240655261	1418722247845803	41165	142.123196	864.342941	1.553418
347	2014-12-16-09-14-09	1418722241797698	1418722249107917	44435	135.980661	872.673557	1.544042
348	2014-12-16-09-14-09	1418722242959406	1418722250369387	45834	130.454610	880.763076	1.540271
349	2014-12-16-09-14-09	1418722244160666	1418722251631069	48523	125.452575	888.452537	1.511545
350	2014-12-16-09-14-09	1418722245402164	1418722252932520	46250	120.141886	896.913082	1.424643
351	2014-12-16-09-14-09	1418722246643812	1418722254296854	44680	115.120303	905.721091	1.310088
352	2014-12-16-09-14-09	1418722247905943	1418722255819676	41903	110.139028	915.193386	1.170523
353	2014-12-16-09-14-09	1418722249168020	1418722257684678	40389	105.160039	926.106339	1.050085
354	2014-12-16-09-14-09	1418722250429462	1418722261212975	40738	99.702142	939.461076	1.022220
355	2014-12-16-09-14-09	1418722251691111	1418722264965342	44236	96.034621	949.202030	0.986156
356	2014-12-16-09-14-09	1418722252992654	1418722267310319	45771	93.308884	955.604780	0.887774
357	2014-12-16-09-14-09	1418722254377054	1418722270717670	48982	88.263333	962.289253	0.787903
358	2014-12-16-09-14-09	1418722255899879	1418722273063895	46879	83.390812	966.813554	0.776461
359	2014-12-16-09-14-09	1418722257764823	1418722274627263	38743	78.750837	971.127481	0.719287
360	2014-12-16-09-14-09	1418722261453713	1418722276188080	38223	71.623459	977.628760	0.571218
361	2014-12-16-09-14-09	1418722265005497	1418722277609514	40666	62.843657	985.342142	0.488900
362	2014-12-16-09-14-09	1418722267230133	1418722278990853	43974	56.747685	991.701241	0.605136
363	2014-12-16-09-14-09	1418722269433736	1418722279931647	40499	51.993850	998.187853	0.711759
364	2014-12-16-09-14-09	1418722271680496	1418722280513258	38206	48.571427	1005.072350	0.830695
365	2014-12-16-09-14-09	1418722273605341	1418722281356294	41746	46.400630	1014.621031	0.854976
366	2014-12-16-09-14-09	1418722275267359	1418722282479359	45957	44.838933	1025.304656	0.936546
367	2014-12-16-09-14-09	1418722276688945	1418722283661878	45903	43.275436	1035.116639	0.925779
368	2014-12-16-09-14-09	1418722277929421	1418722284885563	43455	41.559143	1045.486795	0.777799
369	2014-12-16-09-14-09	1418722279070938	1418722286208989	43835	39.687428	1056.242489	0.659806
370	2014-12-16-09-14-09	1418722280212306	1418722287732953	42382	37.842902	1066.936340	0.568946
371	2014-12-16-09-14-09	1418722281356294	1418722289676922	42054	35.773212	1078.628741	0.582564
372	2014-12-16-09-14-09	1418722282539547	1418722294025879	48673	28.470188	1091.892952	0.362480
373	2014-12-16-09-14-09	1418722283722042	1418722297299750	56288	19.749673	1096.412236	0.088920
374	2014-12-16-09-14-09	1418722284925690	1418722298541828	51906	14.567247	1098.341854	0.019419
375	2014-12-16-09-14-09	1418722286269098	1418722299243494	48384	10.018515	1099.885412	-0.079032
376	2014-12-16-09-14-09	1418722287793072	1418722299564323	46577	5.904767	1100.779707	-0.199209
377	2014-12-16-09-14-09	1418722289757034	1418722299824779	46225	-0.073605	1100.502799	-0.454943
378	2014-12-16-09-14-09	1418722292040102	1418722300706339	46771	-8.705257	1097.876934	-0.666112
379	2014-12-16-09-14-09	1418722293925671	1418722302031033	46536	-19.559818	1093.747418	-0.800329
380	2014-12-16-09-14-09	1418722295371320	1418722303377104	46353	-29.323597	1090.158669	-0.849254
381	2014-12-16-09-14-09	1418722296797578	1418722304721894	46717	-39.171060	1086.390237	-0.837504
382	2014-12-16-09-14-09	1418722298161388	1418722306045914	46885	-48.796509	1082.692008	-0.801207
383	2014-12-16-09-14-09	1418722299484153	1418722307350924	46504	-58.629451	1078.986361	-0.750826
384	2014-12-16-09-14-09	1418722300766624	1418722308695850	47318	-67.746812	1075.719461	-0.692318
385	2014-12-16-09-14-09	1418722302111293	1418722310163469	48047	-77.747763	1071.891858	-0.563472
386	2014-12-16-09-14-09	1418722303457477	1418722311728246	46852	-87.224360	1068.307346	-0.513715
387	2014-12-16-09-14-09	1418722304802090	1418722313573542	48148	-97.886060	1063.988281	-0.304518
388	2014-12-16-09-14-09	1418722306106102	1418722317382749	47699	-110.670856	1057.765189	-0.060000
389	2014-12-16-09-14-09	1418722307391110	1418722329884879	47078	-121.404451	1049.410189	0.087708
390	2014-12-16-09-14-09	1418722308735901	1418722338879662	52850	-125.122163	1036.999513	0.391737
391	2014-12-16-09-14-09	1418722310203604	1418722342225837	64979	-127.064707	1032.379704	0.455610
392	2014-12-16-09-14-09	1418722311788474	1418722344950052	68775	-128.961003	1028.135833	0.541138
393	2014-12-16-09-14-09	1418722313613664	1418722347717368	68797	-131.528320	1023.319351	0.598784
394	2014-12-16-09-14-09	1418722317362705	1418722350403250	65627	-134.583616	1017.057608	0.689653
395	2014-12-16-09-14-09	1418722328279817	1418722352789480	58321	-138.436243	1008.752217	0.874722
396	2014-12-16-09-14-09	1418722330425938	1418722354151797	47869	-141.324988	1005.402050	0.944717
397	2014-12-16-09-14-09	1418722333170844	1418722355133096	35904	-144.861456	1002.554770	1.003433
398	2014-12-16-09-14-09	1418722341744954	1418722356857472	35135	-157.922295	995.521548	1.189926
399	2014-12-16-09-14-09	1418722344649598	1418722359390198	35984	-167.075033	991.081800	1.447728
400	2014-12-16-09-14-09	1418722347356554	1418722362121164	35438	-176.914900	985.595804	1.641544
401	2014-12-16-09-14-09	1418722349921903	1418722364505883	35975	-185.671829	980.258833	1.782322
402	2014-12-16-09-14-09	1418722352047805	1418722366669108	37944	-193.042719	975.542342	1.890886
403	2014-12-16-09-14-09	1418722354272062	1418722369013278	38282	-200.581466	970.536760	1.970743
404	2014-12-16-09-14-09	1418722356897622	1418722371038201	36062	-208.351968	964.834242	2.006895
405	2014-12-16-09-14-09	1418722359390198	1418722373003019	35137	-216.170854	959.025817	2.045450
406	2014-12-16-09-14-09	1418722362101093	1418722374827256	34615	-224.467981	952.945197	2.118280
407	2014-12-16-09-14-09	1418722364485856	1418722376591934	34969	-232.697465	946.961350	2.175628
408	2014-12-16-09-14-09	1418722366649071	1418722378477233	34358	-240.895170	940.898773	2.210731
409	2014-12-16-09-14-09	1418722368993202	1418722380443713	33839	-249.648101	934.317207	2.231196
410	2014-12-16-09-14-09	1418722371078322	1418722382450989	33015	-258.219177	927.968727	2.222909
411	2014-12-16-09-14-09	1418722373043093	1418722384335930	32233	-266.390331	921.895003	2.222265
412	2014-12-16-09-14-09	1418722374867369	1418722386118880	31620	-274.092079	916.145835	2.255968
413	2014-12-16-09-14-09	1418722376632010	1418722388084007	31117	-282.013534	910.203670	2.350603
414	2014-12-16-09-14-09	1418722378517392	1418722390651182	31429	-291.007345	903.350510	2.544788
415	2014-12-16-09-14-09	1418722380503961	1418722393255911	31844	-299.679358	896.856943	2.766195
416	2014-12-16-09-14-09	1418722382511233	1418722395078698	32354	-306.835420	891.376942	2.928241
417	2014-12-16-09-14-09	1418722384376014	1418722396841085	32667	-313.635147	886.190561	3.043128
418	2014-12-16-09-14-09	1418722386138917	1418722398580904	31737	-320.234005	881.153168	3.094864
419	2014-12-16-09-14-09	1418722388124125	1418722400441984	30770	-327.242846	875.808347	3.083784
420	2014-12-16-09-14-09	1418722390691305	1418722402402986	30518	-336.533674	868.876290	3.043831
421	2014-12-16-09-14-09	1418722393275966	1418722404548700	29669	-346.806228	861.150330	2.929546
422	2014-12-16-09-14-09	1418722395098738	1418722407860715	28448	-357.672947	853.300854	2.834516
423	2014-12-16-09-14-09	1418722396861102	1418722416666393	31436	-369.892732	842.806723	2.640024
424	2014-12-16-09-14-09	1418722398620934	1418722423359592	47889	-372.269293	833.775774	2.259508
425	2014-12-16-09-14-09	1418722400462012	1418722426746316	50148	-371.446502	827.837518	2.007951
426	2014-12-16-09-14-09	1418722402422987	1418722428468900	50823	-371.241804	824.036770	1.811264
427	2014-12-16-09-14-09	1418722404568803	1418722429510211	46863	-370.505566	820.499027	1.643575
428	2014-12-16-09-14-09	1418722407900825	1418722430010529	42199	-369.133076	816.258148	1.426140
429	2014-12-16-09-14-09	1418722416125463	1418722431251117	43357	-360.739047	804.706548	0.761916
430	2014-12-16-09-14-09	1418722419130963	1418722433516546	44362	-353.806027	796.491491	0.407241
431	2014-12-16-09-14-09	1418722421275985	1418722435382621	45066	-348.030365	789.823479	0.138728
432	2014-12-16-09-14-09	1418722423439764	1418722437088038	44196	-342.341868	783.315642	-0.090429
433	2014-12-16-09-14-09	1418722425764646	1418722438771493	40122	-337.068244	776.852816	-0.364912
434	2014-12-16-09-14-09	1418722428308824	1418722440436436	38821	-331.779579	769.855486	-0.539580
435	2014-12-16-09-14-09	1418722431191035	1418722442201111	39967	-324.239742	760.141301	-0.757925
436	2014-12-16-09-14-09	1418722433496518	1418722444305337	40620	-316.071684	750.087371	-0.898897
437	2014-12-16-09-14-09	1418722435362557	1418722446695435	39025	-308.489012	740.786032	-1.013692
438	2014-12-16-09-14-09	1418722437088038	1418722448486010	40496	-302.249351	733.199853	-1.109318
439	2014-12-16-09-14-09	1418722438791546	1418722450052927	44020	-297.293579	727.303791	-1.097570
440	2014-12-16-09-14-09	1418722440476616	1418722451598609	44173	-292.088519	721.338595	-1.072208
441	2014-12-16-09-14-09	1418722442261199	1418722453185787	42027	-286.074287	715.175077	-1.113240
442	2014-12-16-09-14-09	1418722444385558	1418722455032615	41665	-278.430183	707.048370	-1.192891
443	2014-12-16-09-14-09	1418722446755818	1418722457018872	43517	-269.544120	697.629960	-1.250036
444	2014-12-16-09-14-09	1418722448526214	1418722459145290	42048	-261.251839	689.256616	-1.242646
445	2014-12-16-09-14-09	1418722450073018	1418722460911323	43683	-254.522576	682.862425	-1.244575
446	2014-12-16-09-14-09	1418722451618693	1418722462396500	43480	-248.216401	676.950033	-1.223674
447	2014-12-16-09-14-09	1418722453225931	1418722463760075	43817	-242.705221	671.251119	-1.221717
448	2014-12-16-09-14-09	1418722455072704	1418722465043022	40471	-236.159400	665.307954	-1.247296
449	2014-12-16-09-14-09	1418722457079043	1418722466343046	36264	-228.595955	658.597137	-1.279579
450	2014-12-16-09-14-09	1418722459205444	1418722467663704	34843	-220.009190	650.456422	-1.254163
451	2014-12-16-09-14-09	1418722460951469	1418722469006036	35380	-212.086715	642.356825	-1.179763
452	2014-12-16-09-14-09	1418722462416588	1418722470308582	36055	-204.941587	634.699639	-1.164237
453	2014-12-16-09-14-09	1418722463760075	1418722471612619	39913	-198.113563	627.081490	-1.072507
454	2014-12-16-09-14-09	1418722465063040	1418722472936745	41430	-191.968670	619.495740	-0.946525
455	2014-12-16-09-14-09	1418722466343046	1418722474279893	40439	-186.124200	611.668125	-0.857312
456	2014-12-16-09-14-09	1418722467663704	1418722475703034	38772	-180.310840	603.410347	-0.934863
457	2014-12-16-09-14-09	1418722469006036	1418722477245306	38324	-174.662956	594.344012	-0.967781
458	2014-12-16-09-14-09	1418722470328625	1418722479007968	37835	-169.459156	584.836619	-1.009943
459	2014-12-16-09-14-09	1418722471632687	1418722481094881	36134	-164.662744	574.906403	-1.100049
460	2014-12-16-09-14-09	1418722472956809	1418722483220032	36828	-160.945700	565.806536	-1.122442
461	2014-12-16-09-14-09	1418722474299931	1418722484883344	39103	-158.034936	557.987420	-1.129660
462	2014-12-16-09-14-09	1418722475723072	1418722486327467	42714	-155.941673	549.931965	-1.136735
463	2014-12-16-09-14-09	1418722477265350	1418722487691702	42577	-154.033273	541.660412	-1.221895
464	2014-12-16-09-14-09	1418722479028034	1418722489096366	42256	-152.165914	532.305242	-1.361914
465	2014-12-16-09-14-09	1418722481114954	1418722490661386	42165	-150.196421	521.186815	-1.597211
466	2014-12-16-09-14-09	1418722483199980	1418722492325678	39692	-148.198757	509.417507	-1.982071
467	2014-12-16-09-14-09	1418722484843210	1418722493788337	38669	-146.774228	499.867254	-2.360485
468	2014-12-16-09-14-09	1418722486287330	1418722495191800	37121	-144.870439	490.313531	-2.741091
469	2014-12-16-09-14-09	1418722487671645	1418722496575166	36204	-143.099009	481.367970	-3.092883
470	2014-12-16-09-14-09	1418722489116443	1418722497938381	34609	-141.352673	472.023260	-3.396267
471	2014-12-16-09-14-09	1418722490701480	1418722499341794	36483	-139.727938	461.444016	-3.626119
472	2014-12-16-09-14-09	1418722492365806	1418722500867029	37976	-138.258718	450.073965	-3.801039
473	2014-12-16-09-14-09	1418722493848466	1418722502731836	38573	-136.872688	438.693996	-3.944193
474	2014-12-16-09-14-09	1418722495231871	1418722505237564	38297	-135.393386	426.592723	-4.125691
475	2014-12-16-09-14-09	1418722496595242	1418722507166017	40853	-134.386116	417.554393	-4.236020
476	2014-12-16-09-14-09	1418722497978466	1418722508751587	42177	-133.583658	409.663415	-4.364848
477	2014-12-16-09-14-09	1418722499381963	1418722510396228	39960	-132.584719	401.583586	-4.526445
478	2014-12-16-09-14-09	1418722500907211	1418722512162008	38743	-131.494965	392.356362	-4.649319
479	2014-12-16-09-14-09	1418722502771935	1418722513865942	38801	-130.433301	382.741678	-4.792481
480	2014-12-16-09-14-09	1418722505297702	1418722515529171	38679	-129.373133	370.940965	-4.904203
481	2014-12-16-09-14-09	1418722507206150	1418722517552668	38650	-128.452513	359.350752	-4.966597
482	2014-12-16-09-14-09	1418722508791729	1418722519637877	38616	-127.688054	349.303251	-5.023889
483	2014-12-16-09-14-09	1418722510436401	1418722521446057	40359	-127.151510	340.368294	-5.057168
484	2014-12-16-09-14-09	1418722512202140	1418722523111838	40204	-126.513782	330.896124	-5.100122
485	2014-12-16-09-14-09	1418722513905967	1418722524696933	39283	-125.948720	321.579609	-5.110883
486	2014-12-16-09-14-09	1418722515569347	1418722526439898	38707	-125.290459	311.864598	-5.109240
487	2014-12-16-09-14-09	1418722517612713	1418722528384227	38229	-124.412797	300.995474	-5.133675
488	2014-12-16-09-14-09	1418722519677999	1418722530606936	39449	-123.327693	289.164817	-5.000258
489	2014-12-16-09-14-09	1418722521486186	1418722534911394	36922	-121.898978	274.896511	-5.039735
490	2014-12-16-09-14-09	1418722523151989	1418722548569909	34441	-120.546412	261.706776	-5.073328
491	2014-12-16-09-14-09	1418722524737076	1418722551736495	38539	-119.785866	255.055901	-4.914040
492	2014-12-16-09-14-09	1418722526479947	1418722554625380	44076	-118.734005	248.668175	-4.617914
493	2014-12-16-09-14-09	1418722528424323	1418722556849324	44505	-117.575384	243.485215	-4.356756
494	2014-12-16-09-14-09	1418722530646985	1418722558812813	39817	-116.644445	238.244141	-4.150294
495	2014-12-16-09-14-09	1418722535051578	1418722560615506	37579	-115.502814	230.443491	-3.670790
496	2014-12-16-09-14-09	1418722548609964	1418722562197878	50048	-113.448587	215.690162	-2.666755
497	2014-12-16-09-14-09	1418722551736495	1418722563762040	45894	-112.479189	205.082112	-2.174563
498	2014-12-16-09-14-09	1418722554545242	1418722565105023	35186	-112.171495	194.388566	-1.992059
499	2014-12-16-09-14-09	1418722556729320	1418722566248297	34174	-113.414637	184.898044	-1.974606
500	2014-12-16-09-14-09	1418722558672564	1418722567470301	33911	-114.923667	175.503458	-1.974717
501	2014-12-16-09-14-09	1418722560314842	1418722568712951	29254	-116.830735	165.449970	-2.032983
502	2014-12-16-09-14-09	1418722561816677	1418722569895731	29814	-118.748972	155.545054	-2.120971
503	2014-12-16-09-14-09	1418722563380648	1418722571078422	29303	-121.211701	145.065606	-2.265768
504	2014-12-16-09-14-09	1418722564904881	1418722572342220	30094	-124.018872	135.024599	-2.418195
505	2014-12-16-09-14-09	1418722566248297	1418722574007360	29237	-127.158647	123.384715	-2.618560
506	2014-12-16-09-14-09	1418722567490338	1418722642023940	25325	-133.663700	96.686383	-2.379350
507	2014-12-16-09-14-09	1418722568732970	1418722644838056	32470	-134.379943	92.945396	-2.733856
508	2014-12-16-09-14-09	1418722569915793	1418722647592232	38897	-134.929680	89.370076	-3.095295
509	2014-12-16-09-14-09	1418722571118588	1418722650968903	43069	-136.210303	85.535111	-3.569135
510	2014-12-16-09-14-09	1418722572402306	1418722653719120	43561	-138.523924	82.740182	-4.026319
511	2014-12-16-09-14-09	1418722574087609	1418722655102396	40010	-140.577093	80.843256	-4.254427
512	2014-12-16-09-14-09	1418722642023940	1418722656065249	41116	-150.840619	68.146004	-7.264131
513	2014-12-16-09-14-09	1418722644817934	1418722656787259	31435	-157.323271	64.300183	-7.732165
514	2014-12-16-09-14-09	1418722647592232	1418722657309287	29115	-165.420297	62.092890	-8.059813
515	2014-12-16-09-14-09	1418722650024885	1418722658431866	29259	-176.588190	60.841164	-8.222789
516	2014-12-16-09-14-09	1418722651772285	1418722659734936	27777	-187.243955	59.296551	-8.092382
517	2014-12-16-09-14-09	1418722653297620	1418722661017363	26924	-197.381299	57.500662	-7.793228
518	2014-12-16-09-14-09	1418722654620968	1418722662301459	27283	-207.883298	55.152507	-7.626525
519	2014-12-16-09-14-09	1418722655904868	1418722663644983	27998	-218.028409	52.634690	-7.622530
520	2014-12-16-09-14-09	1418722657188836	1418722665027288	26638	-227.811507	49.970078	-7.777288
521	2014-12-16-09-14-09	1418722658471951	1418722666408875	28465	-238.036951	47.313244	-7.929463
522	2014-12-16-09-14-09	1418722659774990	1418722667791990	30433	-248.079526	44.549819	-8.127255
523	2014-12-16-09-14-09	1418722661057547	1418722669175249	31680	-257.627999	41.729937	-8.402490
524	2014-12-16-09-14-09	1418722662341542	1418722670901412	32668	-268.025234	38.584316	-8.691612
525	2014-12-16-09-14-09	1418722663665032	1418722673589821	34933	-280.183494	34.948893	-8.906906
526	2014-12-16-09-14-09	1418722665047319	1418722676215403	38320	-289.952935	32.248024	-8.914318
527	2014-12-16-09-14-09	1418722666448900	1418722677900966	40139	-297.857823	30.018527	-8.899711
528	2014-12-16-09-14-09	1418722667832003	1418722679326567	41359	-305.125322	27.922296	-8.844525
529	2014-12-16-09-14-09	1418722669235434	1418722680689601	40755	-312.245806	25.907241	-8.774518
530	2014-12-16-09-14-09	1418722670981804	1418722682112544	39404	-320.055239	23.741342	-8.679677
531	2014-12-16-09-14-09	1418722673690000	1418722683657353	40643	-331.204940	20.627528	-8.492888
532	2014-12-16-09-14-09	1418722676275510	1418722685583128	40455	-344.500011	16.646600	-8.343458
533	2014-12-16-09-14-09	1418722677961139	1418722734897083	37373	-365.308250	10.445925	-6.674103
534	2014-12-16-09-14-09	1418722679366655	1418722737283481	42102	-370.666667	8.989224	-6.087278
535	2014-12-16-09-14-09	1418722680729705	1418722739509482	46852	-375.748954	7.546933	-5.549563
536	2014-12-16-09-14-09	1418722682172675	1418722742057522	47534	-380.802069	5.670282	-5.171586
537	2014-12-16-09-14-09	1418722683717490	1418722746149625	46677	-386.540763	1.119843	-4.918177
538	2014-12-16-09-14-09	1418722685703401	1418722759676890	45469	-381.333977	-14.802141	-4.915546
539	2014-12-16-09-14-09	1418722734736705	1418722758594699	45897	-386.088897	-23.479084	-4.633938
540	2014-12-16-09-14-09	1418722737123094	1418722757653252	42471	-388.601590	-26.305354	-4.791925
541	2014-12-16-09-14-09	1418722739309141	1418722756670660	39483	-390.429308	-29.510154	-5.041668
542	2014-12-16-09-14-09	1418722741696679	1418722755989486	38471	-390.385939	-33.065434	-5.225156
543	2014-12-16-09-14-09	1418722743783007	1418722756410259	39302	-386.236868	-36.479611	-5.347611
544	2014-12-16-09-14-09	1418722745628044	1418722757031371	38287	-380.932385	-38.566542	-5.398846
545	2014-12-16-09-14-09	1418722747753959	1418722757492753	37655	-374.432322	-39.624359	-5.400640
546	2014-12-16-09-14-09	1418722750158636	1418722758554647	41664	-363.534118	-39.252330	-5.419411
547	2014-12-16-09-14-09	1418722751841503	1418722759797204	42333	-353.090568	-38.488095	-5.451443
548	2014-12-16-09-14-09	1418722753263160	1418722760999533	40155	-343.438734	-37.700546	-5.504707
549	2014-12-16-09-14-09	1418722754625341	1418722762203858	41186	-333.242436	-36.905970	-5.524060
550	2014-12-16-09-14-09	1418722755929322	1418722763369457	42588	-323.225977	-36.220717	-5.474010
551	2014-12-16-09-14-09	1418722757272066	1418722764594126	42217	-312.769804	-35.424843	-5.483448
552	2014-12-16-09-14-09	1418722758574673	1418722765818892	42107	-302.165960	-34.568525	-5.460006
553	2014-12-16-09-14-09	1418722759817253	1418722767182695	42077	-291.346236	-33.652568	-5.406959
554	2014-12-16-09-14-09	1418722761019607	1418722768547329	42199	-281.425149	-32.965377	-5.289203
555	2014-12-16-09-14-09	1418722762223868	1418722769950730	41258	-271.531707	-32.033032	-5.234933
556	2014-12-16-09-14-09	1418722763409643	1418722771333278	39586	-262.373073	-31.012344	-5.239104
557	2014-12-16-09-14-09	1418722764614191	1418722772675416	36344	-253.418370	-29.937678	-5.228705
558	2014-12-16-09-14-09	1418722765859012	1418722774097461	33669	-243.441799	-28.909993	-5.245081
559	2014-12-16-09-14-09	1418722767222848	1418722775558998	34422	-232.267629	-28.198097	-5.245428
560	2014-12-16-09-14-09	1418722768607491	1418722777079425	33602	-220.772593	-27.558516	-5.214970
561	2014-12-16-09-14-09	1418722770010782	1418722778580493	32638	-210.689832	-27.245501	-5.249149
562	2014-12-16-09-14-09	1418722771373378	1418722779964945	33737	-201.554749	-27.349894	-5.209012
563	2014-12-16-09-14-09	1418722772735549	1418722781288957	35818	-192.773225	-27.884904	-5.160360
564	2014-12-16-09-14-09	1418722774157510	1418722782513324	36483	-183.784379	-28.693370	-5.119933
565	2014-12-16-09-14-09	1418722775598946	1418722783696996	36497	-173.305429	-29.704394	-5.031310
566	2014-12-16-09-14-09	1418722777099432	1418722784899918	35504	-162.220196	-31.522978	-5.007543
567	2014-12-16-09-14-09	1418722778620638	1418722786083285	39321	-152.013557	-33.939394	-4.873310
568	2014-12-16-09-14-09	1418722780005065	1418722787225733	41572	-142.499590	-36.747556	-4.760959
569	2014-12-16-09-14-09	1418722781309012	1418722788367739	41991	-133.552195	-39.675680	-4.743543
570	2014-12-16-09-14-09	1418722782533387	1418722789492253	41762	-124.810534	-42.938841	-4.698986
571	2014-12-16-09-14-09	1418722783696996	1418722790615961	40512	-115.538221	-47.000623	-4.697915
572	2014-12-16-09-14-09	1418722784879837	1418722791799009	40189	-106.037965	-51.310156	-4.663640
573	2014-12-16-09-14-09	1418722786063234	1418722793061143	39124	-96.333080	-55.735649	-4.665373
574	2014-12-16-09-14-09	1418722787245786	1418722794283392	37288	-86.793722	-60.131417	-4.662907
575	2014-12-16-09-14-09	1418722788407785	1418722795505970	35544	-77.931161	-64.528643	-4.600111
576	2014-12-16-09-14-09	1418722789532377	1418722796707834	34267	-69.388750	-68.910874	-4.518719
577	2014-12-16-09-14-09	1418722790656105	1418722797927925	31699	-60.849939	-73.368783	-4.419478
578	2014-12-16-09-14-09	1418722791859134	1418722799209497	28769	-52.006204	-78.074290	-4.277941
579	2014-12-16-09-14-09	1418722793101178	1418722800472604	27038	-43.033687	-83.031159	-4.077507
580	2014-12-16-09-14-09	1418722794323484	1418722801756594	26251	-34.054533	-88.383766	-3.769147
581	2014-12-16-09-14-09	1418722795546037	1418722803020886	27474	-25.062675	-93.795383	-3.428877
582	2014-12-16-09-14-09	1418722796747875	1418722804266735	27338	-16.561702	-99.072642	-3.102622
583	2014-12-16-09-14-09	1418722797988021	1418722805532401	29610	-7.966122	-104.123813	-2.771119
584	2014-12-16-09-14-09	1418722799269547	1418722806796148	30991	0.580255	-109.177482	-2.494209
585	2014-12-16-09-14-09	1418722800552792	1418722808200586	31147	9.746883	-114.622266	-2.167363
586	2014-12-16-09-14-09	1418722801836922	1418722809884737	33881	19.830702	-120.226159	-1.805500
587	2014-12-16-09-14-09	1418722803101295	1418722811829181	34373	29.668516	-125.914959	-1.409844
588	2014-12-16-09-14-09	1418722804347049	1418722814234611	37595	38.765371	-132.305908	-1.036646
589	2014-12-16-09-14-09	1418722805592651	1418722821553212	49399	47.051163	-146.583268	-0.872043
590	2014-12-16-09-14-09	1418722806856400	1418722823961955	52633	47.593868	-152.640486	-0.843493
591	2014-12-16-09-14-09	1418722808260654	1418722825085629	50493	47.878014	-157.053812	-0.826625
592	2014-12-16-09-14-09	1418722809944860	1418722825688100	45282	47.927994	-161.052526	-0.842549
593	2014-12-16-09-14-09	1418722811849199	1418722826190197	39508	47.127053	-165.304924	-0.900711
594	2014-12-16-09-14-09	1418722814034172	1418722826872495	37601	44.784773	-170.270286	-1.036678
595	2014-12-16-09-14-09	1418722818043954	1418722827975943	40687	37.946324	-179.755704	-1.276507
596	2014-12-16-09-14-09	1418722820650601	1418722829379161	44039	30.391318	-190.300126	-1.567124
597	2014-12-16-09-14-09	1418722822356151	1418722830803111	46174	23.903839	-199.476035	-1.884272
598	2014-12-16-09-14-09	1418722823921754	1418722832369086	47425	17.815518	-208.616353	-2.343051
599	2014-12-16-09-14-09	1418722825326453	1418722834173601	48255	11.481574	-217.667491	-2.852310
600	2014-12-16-09-14-09	1418722826691895	1418722836197041	47594	4.684788	-226.176735	-3.278017
601	2014-12-16-09-14-09	1418722828016044	1418722838102195	48084	-2.201345	-232.555551	-3.682190
602	2014-12-16-09-14-09	1418722829419293	1418722839907523	46858	-10.041976	-237.800624	-4.047358
603	2014-12-16-09-14-09	1418722830863341	1418722841554071	43073	-18.060019	-241.815682	-4.363855
604	2014-12-16-09-14-09	1418722832429249	1418722843000112	38265	-26.176410	-244.669834	-4.607512
605	2014-12-16-09-14-09	1418722834253603	1418722844343999	32218	-35.183728	-246.749199	-4.860293
606	2014-12-16-09-14-09	1418722836136979	1418722845907864	31515	-45.693922	-247.842839	-5.228300
607	2014-12-16-09-14-09	1418722837781445	1418722847631831	30881	-55.102818	-248.032180	-5.549441
608	2014-12-16-09-14-09	1418722839385852	1418722849376850	32422	-64.943600	-247.454827	-5.909939
609	2014-12-16-09-14-09	1418722841012125	1418722851407253	35502	-75.302360	-245.479372	-6.327928
610	2014-12-16-09-14-09	1418722842639126	1418722853374467	35846	-85.018373	-242.389330	-6.697267
611	2014-12-16-09-14-09	1418722844263798	1418722855001442	36151	-93.728286	-238.448470	-6.975659
612	2014-12-16-09-14-09	1418722845907864	1418722856686299	37366	-102.456864	-233.591885	-7.180160
613	2014-12-16-09-14-09	1418722847551637	1418722858912631	35573	-111.119630	-228.131054	-7.303237
614	2014-12-16-09-14-09	1418722849175961	1418722861421717	34648	-119.616242	-222.547420	-7.360425
615	2014-12-16-09-14-09	1418722851045428	1418722863529389	34875	-126.890714	-217.574506	-7.414689
616	2014-12-16-09-14-09	1418722853093043	1418722865434602	35895	-134.018531	-211.691430	-7.461160
617	2014-12-16-09-14-09	1418722854880966	1418722867019804	38482	-140.179202	-205.669377	-7.457474
618	2014-12-16-09-14-09	1418722856666215	1418722868543469	40223	-145.841807	-198.674336	-7.405910
619	2014-12-16-09-14-09	1418722858972816	1418722870347579	42337	-151.915037	-190.036449	-7.392400
620	2014-12-16-09-14-09	1418722861481964	1418722872450298	39949	-157.904418	-179.442664	-7.444660
621	2014-12-16-09-14-09	1418722863549437	1418722876055149	41336	-163.461665	-166.640874	-7.336877
622	2014-12-16-09-14-09	1418722865233842	1418722883910487	42261	-171.111983	-155.627895	-7.213802
623	2014-12-16-09-14-09	1418722866718755	1418722886332493	42953	-176.808490	-152.441518	-7.204325
624	2014-12-16-09-14-09	1418722868162374	1418722887895693	39475	-181.816427	-150.527597	-7.212813
625	2014-12-16-09-14-09	1418722870006841	1418722889098353	33342	-186.713517	-149.138641	-7.207502
626	2014-12-16-09-14-09	1418722872370078	1418722889938429	27601	-191.298211	-148.350618	-7.179809
627	2014-12-16-09-14-09	1418722876215421	1418722890559784	24160	-198.876030	-149.063972	-7.200867
628	2014-12-16-09-14-09	1418722882467486	1418722892162634	25988	-215.422682	-153.314290	-7.301087
629	2014-12-16-09-14-09	1418722884110926	1418722894029782	26797	-226.148132	-155.410325	-7.289292
630	2014-12-16-09-14-09	1418722885532428	1418722895755399	29506	-235.323743	-156.472979	-7.244055
631	2014-12-16-09-14-09	1418722887094101	1418722897339294	32017	-244.170737	-156.940301	-7.201021
632	2014-12-16-09-14-09	1418722888757834	1418722898843384	33784	-253.614499	-156.769944	-7.175187
633	2014-12-16-09-14-09	1418722890399374	1418722900247909	36095	-262.513704	-155.762657	-7.096180
634	2014-12-16-09-14-09	1418722892202765	1418722901651177	38835	-272.454655	-153.977371	-6.986283
635	2014-12-16-09-14-09	1418722894029782	1418722903093404	40242	-282.983078	-151.566821	-6.889481
636	2014-12-16-09-14-09	1418722895695217	1418722904615130	40288	-293.302838	-148.981967	-6.818897
637	2014-12-16-09-14-09	1418722897259011	1418722906177926	39899	-303.296748	-146.377137	-6.784912
638	2014-12-16-09-14-09	1418722898743079	1418722907682885	38958	-312.967612	-144.302521	-6.765381
639	2014-12-16-09-14-09	1418722900187804	1418722909187047	37289	-322.206612	-142.729187	-6.806306
640	2014-12-16-09-14-09	1418722901651177	1418722910690257	36076	-332.128599	-141.799543	-6.798302
641	2014-12-16-09-14-09	1418722903133463	1418722912594774	36926	-343.614372	-141.734664	-6.799793
642	2014-12-16-09-14-09	1418722904675192	1418722915717532	35812	-357.382320	-142.771535	-6.804670
643	2014-12-16-09-14-09	1418722906198001	1418722946102182	37617	-371.802564	-144.514810	-6.857874
644	2014-12-16-09-14-09	1418722907682885	1418722950852848	51209	-380.178473	-142.000512	-6.841173
645	2014-12-16-09-14-09	1418722909126933	1418722952576592	53725	-383.913292	-139.307263	-6.793212
646	2014-12-16-09-14-09	1418722910610144	1418722953638720	50799	-386.735966	-136.879975	-6.790823
647	2014-12-16-09-14-09	1418722912494648	1418722954360565	45795	-389.293926	-134.430846	-6.796620
648	2014-12-16-09-14-09	1418722915717532	1418722954820812	40630	-392.134714	-130.585199	-6.800502
649	2014-12-16-09-14-09	1418722946202138	1418722955281862	39201	-396.319198	-117.409897	-6.703586
650	2014-12-16-09-14-09	1418722948646382	1418722956905236	41393	-398.426667	-103.433157	-6.607985
651	2014-12-16-09-14-09	1418722950110611	1418722959189470	41741	-400.690583	-90.395601	-6.440582
652	2014-12-16-09-14-09	1418722951333420	1418723013559327	38136	-404.431265	-71.670129	-6.945691
653	2014-12-16-09-14-09	1418722952556547	1418723016686523	38817	-405.845729	-66.789537	-7.055230
654	2014-12-16-09-14-09	1418722953839378	1418723020074658	40948	-407.109608	-61.306100	-7.131441
655	2014-12-16-09-14-09	1418722955281862	1418723024063739	43813	-408.590857	-54.823203	-7.147455
656	2014-12-16-09-14-09	1418722956965291	1418723033100143	44774	-410.136941	-45.917874	-7.211662
657	2014-12-16-09-14-09	1418722959309781	1418723035862409	38418	-410.919825	-40.842957	-7.275253
658	2014-12-16-09-14-09	1418723013559327	1418723038829982	39612	-412.415310	-25.040283	-7.240875
659	2014-12-16-09-14-09	1418723016646436	1418723041917036	43646	-409.414810	-17.700634	-7.234868
660	2014-12-16-09-14-09	1418723020014585	1418723049047516	48632	-400.495238	-7.397475	-7.396440
661	2014-12-16-09-14-09	1418723023983410	1418723052514940	47572	-394.864873	-1.342740	-7.486752
662	2014-12-16-09-14-09	1418723033020010	1418723056983251	43343	-384.668036	7.181424	-7.540225
663	2014-12-16-09-14-09	1418723035582380	1418723059789636	43789	-379.192851	10.084034	-7.554472
664	2014-12-16-09-14-09	1418723037706533	1418723063693335	45088	-373.122270	12.537398	-7.526355
665	2014-12-16-09-14-09	1418723039612040	1418723066656729	47017	-368.155519	14.278708	-7.534529
666	2014-12-16-09-14-09	1418723041756877	1418723069280152	43478	-363.156898	15.811216	-7.507921
667	2014-12-16-09-14-09	1418723048866847	1418723071403595	42812	-354.172857	18.867781	-7.394116
668	2014-12-16-09-14-09	1418723054337908	1418723073287134	42467	-345.095951	21.417387	-7.320576
669	2014-12-16-09-14-09	1418723059529296	1418723075332054	41710	-334.096518	24.316018	-7.375664
670	2014-12-16-09-14-09	1418723063653284	1418723078558808	44479	-320.460076	27.831684	-7.381598
671	2014-12-16-09-14-09	1418723066596685	1418723083569011	45516	-306.654154	31.600685	-7.259622
672	2014-12-16-09-14-09	1418723069220057	1418723086260792	47410	-297.167089	34.319773	-7.112349
673	2014-12-16-09-14-09	1418723071383581	1418723088172019	49937	-289.710953	36.312361	-6.922165
674	2014-12-16-09-14-09	1418723073287134	1418723089998942	47694	-283.380746	37.980613	-6.777071
675	2014-12-16-09-14-09	1418723075352075	1418723092265568	44470	-276.674736	39.751024	-6.567932
676	2014-12-16-09-14-09	1418723078578872	1418723095896841	45090	-264.637030	43.114354	-5.985602
677	2014-12-16-09-14-09	1418723083609111	1418723123629600	45714	-246.718582	48.222363	-5.191746
678	2014-12-16-09-14-09	1418723086280900	1418723126537713	43820	-237.848033	50.692451	-4.854240
679	2014-12-16-09-14-09	1418723088192144	1418723129262561	42520	-230.712278	52.479990	-4.644211
680	2014-12-16-09-14-09	1418723090019037	1418723131506094	42677	-224.904110	53.899274	-4.433172
681	2014-12-16-09-14-09	1418723092305606	1418723133530691	41219	-219.039214	55.247204	-4.213820
682	2014-12-16-09-14-09	1418723095997083	1418723135273616	31904	-211.089682	56.962279	-4.092039
683	2014-12-16-09-14-09	1418723123649660	1418723136916426	28577	-196.815196	59.551262	-3.806611
684	2014-12-16-09-14-09	1418723126577791	1418723138738524	28643	-186.107022	61.138153	-3.598708
685	2014-12-16-09-14-09	1418723129282619	1418723140884288	31171	-174.262001	62.931714	-3.285240
686	2014-12-16-09-14-09	1418723131526113	1418723143894178	33176	-161.358263	67.143066	-2.905015
687	2014-12-16-09-14-09	1418723133550726	1418723147059499	41435	-151.437298	74.391244	-2.543584
688	2014-12-16-09-14-09	1418723135293670	1418723149985222	42724	-145.156160	81.831275	-2.238774
689	2014-12-16-09-14-09	1418723136956444	1418723152248963	44198	-141.036421	88.511254	-1.991176
690	2014-12-16-09-14-09	1418723138778597	1418723154411576	44593	-137.953521	95.543867	-1.753039
691	2014-12-16-09-14-09	1418723140904371	1418723173813151	37137	-134.432986	109.174705	-1.203248
692	2014-12-16-09-14-09	1418723142911250	1418723176078904	38848	-133.223598	114.754931	-0.973038
693	2014-12-16-09-14-09	1418723144775811	1418723177980700	41240	-132.043545	119.913670	-0.774317
694	2014-12-16-09-14-09	1418723146979280	1418723179581317	39237	-130.753157	125.049122	-0.611164
695	2014-12-16-09-14-09	1418723149784586	1418723181142500	36280	-129.277645	130.664070	-0.464223
696	2014-12-16-09-14-09	1418723152789505	1418723182642664	31967	-127.797929	136.565542	-0.352026
697	2014-12-16-09-14-09	1418723173692882	1418723184145706	32635	-123.287203	154.393049	-0.249605
698	2014-12-16-09-14-09	1418723176098943	1418723185746797	33340	-120.694104	166.371679	-0.420836
699	2014-12-16-09-14-09	1418723177980700	1418723187349225	36390	-118.450413	177.274098	-0.547297
700	2014-12-16-09-14-09	1418723179581317	1418723189690088	37363	-114.878140	188.724525	-0.531987
701	2014-12-16-09-14-09	1418723181162491	1418723194399916	51689	-106.388316	200.986695	-0.826472
702	2014-12-16-09-14-09	1418723182642664	1418723197789099	57715	-99.326470	206.576293	-0.950357
703	2014-12-16-09-14-09	1418723184125707	1418723200597310	57986	-92.411051	210.292017	-1.005485
704	2014-12-16-09-14-09	1418723185746797	1418723202763267	55786	-85.970237	212.858322	-1.073258
705	2014-12-16-09-14-09	1418723187329208	1418723204870535	53565	-79.567466	214.253496	-1.134664
706	2014-12-16-09-14-09	1418723189189979	1418723206957477	51203	-72.865782	215.051222	-1.208458
707	2014-12-16-09-14-09	1418723191894630	1418723209062784	49966	-64.438322	215.570480	-1.234487
708	2014-12-16-09-14-09	1418723195101325	1418723210986158	51276	-55.267184	215.982859	-1.091635
709	2014-12-16-09-14-09	1418723197769045	1418723212870367	48751	-46.772311	216.587975	-0.995605
710	2014-12-16-09-14-09	1418723201199336	1418723215034189	48438	-35.806365	217.486924	-0.810938
711	2014-12-16-09-14-09	1418723204367977	1418723223014235	48569	-16.677782	223.492271	-0.840215
712	2014-12-16-09-14-09	1418723206877346	1418723227005030	49737	-10.071041	230.162455	-0.940637
713	2014-12-16-09-14-09	1418723209082854	1418723228447969	45297	-6.596378	234.811402	-0.984326
714	2014-12-16-09-14-09	1418723211026275	1418723229309472	37940	-4.405260	238.861839	-1.037195
715	2014-12-16-09-14-09	1418723212910446	1418723229870537	33451	-3.061938	242.367807	-1.114406
716	2014-12-16-09-14-09	1418723215054212	1418723230230949	31050	-2.575844	246.307352	-1.213265
717	2014-12-16-09-14-09	1418723219684460	1418723230991399	31119	-4.854016	256.649923	-1.362526
718	2014-12-16-09-14-09	1418723223054400	1418723232473586	33364	-8.825283	270.762002	-1.425935
719	2014-12-16-09-14-09	1418723224781348	1418723233996280	34100	-11.790024	280.887095	-1.429108
720	2014-12-16-09-14-09	1418723226404253	1418723235478494	34881	-14.629223	290.805027	-1.461445
721	2014-12-16-09-14-09	1418723227926912	1418723236883308	35671	-17.329770	300.082694	-1.495483
722	2014-12-16-09-14-09	1418723229449797	1418723238248513	35487	-20.006755	309.720853	-1.555058
723	2014-12-16-09-14-09	1418723231011426	1418723239633414	36436	-22.490119	318.874594	-1.573043
724	2014-12-16-09-14-09	1418723232513646	1418723241018036	36578	-25.281183	328.637180	-1.652629
725	2014-12-16-09-14-09	1418723234036407	1418723242401899	36281	-28.172294	338.211306	-1.737485
726	2014-12-16-09-14-09	1418723235518576	1418723243866461	37246	-31.210448	348.461649	-1.803095
727	2014-12-16-09-14-09	1418723236923479	1418723245311424	36587	-34.130905	357.876543	-1.931969
728	2014-12-16-09-14-09	1418723238288626	1418723246657547	36846	-36.946482	367.536173	-2.014094
729	2014-12-16-09-14-09	1418723239693698	1418723248001254	36496	-39.712201	377.416281	-2.105743
730	2014-12-16-09-14-09	1418723241078165	1418723249404295	36087	-42.483543	387.502687	-2.184140
731	2014-12-16-09-14-09	1418723242462034	1418723250806622	36652	-45.021188	397.084112	-2.242711
732	2014-12-16-09-14-09	1418723243926613	1418723252190717	36272	-47.802684	407.178756	-2.347352
733	2014-12-16-09-14-09	1418723245371659	1418723253572918	36524	-50.307583	416.553075	-2.392559
734	2014-12-16-09-14-09	1418723246717768	1418723254915970	38185	-53.094154	426.012099	-2.460816
735	2014-12-16-09-14-09	1418723248061420	1418723256360303	39769	-55.999726	435.563893	-2.578154
736	2014-12-16-09-14-09	1418723249464428	1418723258245427	42022	-59.462138	446.661638	-2.704664
737	2014-12-16-09-14-09	1418723250866747	1418723260709516	42579	-63.655241	457.214305	-2.892945
738	2014-12-16-09-14-09	1418723252250892	1418723262754603	47033	-68.229061	466.367342	-2.871716
739	2014-12-16-09-14-09	1418723253633081	1418723264559141	48097	-72.804318	474.401276	-2.734567
740	2014-12-16-09-14-09	1418723254976089	1418723266343264	48494	-77.204658	482.047754	-2.621214
741	2014-12-16-09-14-09	1418723256420485	1418723268345710	47993	-81.628716	489.978044	-2.449558
742	2014-12-16-09-14-09	1418723258345516	1418723270768735	49458	-86.496483	499.723249	-2.210672
743	2014-12-16-09-14-09	1418723260729583	1418723274877900	51560	-87.901428	513.316708	-1.886237
744	2014-12-16-09-14-09	1418723262634390	1418723304725545	62882	-65.302592	502.989075	-1.196962
745	2014-12-16-09-14-09	1418723264438713	1418723303382996	59468	-64.638965	505.988057	-1.183260
746	2014-12-16-09-14-09	1418723266223075	1418723301998865	57543	-63.541271	508.697700	-1.167451
747	2014-12-16-09-14-09	1418723268205557	1418723300574618	56525	-61.738427	511.062022	-1.153980
748	2014-12-16-09-14-09	1418723270288136	1418723299168111	59023	-59.116813	512.717352	-1.139508
749	2014-12-16-09-14-09	1418723272452933	1418723298021825	59142	-56.155501	513.225497	-1.110778
750	2014-12-16-09-14-09	1418723274417652	1418723296976821	61791	-53.252055	512.762897	-1.069461
751	2014-12-16-09-14-09	1418723276458681	1418723295574338	61889	-50.258708	512.120278	-1.023210
752	2014-12-16-09-14-09	1418723278761025	1418723295814776	61263	-48.973729	507.803803	-0.959593
753	2014-12-16-09-14-09	1418723280923157	1418723297358681	59981	-50.043153	501.067905	-0.898095
754	2014-12-16-09-14-09	1418723282847038	1418723298746051	51178	-51.957154	494.954617	-0.840520
755	2014-12-16-09-14-09	1418723284791834	1418723300032363	48971	-54.392683	489.049297	-0.779706
756	2014-12-16-09-14-09	1418723286976539	1418723301416864	51093	-57.842645	482.227060	-0.716041
757	2014-12-16-09-14-09	1418723289120649	1418723303142383	53332	-60.952534	474.636488	-0.736774
758	2014-12-16-09-14-09	1418723291003767	1418723304384794	49291	-62.673383	467.979497	-0.741333
759	2014-12-16-09-14-09	1418723292868098	1418723305206429	45554	-63.198206	462.052373	-0.763870
760	2014-12-16-09-14-09	1418723295674514	1418723305927086	41364	-62.254114	453.596658	-0.692972
761	2014-12-16-09-14-09	1418723298544892	1418723307208907	42817	-58.639898	441.333096	-0.558429
762	2014-12-16-09-14-09	1418723300233472	1418723308771471	39685	-55.411612	430.401633	-0.487264
763	2014-12-16-09-14-09	1418723301677801	1418723310495500	37127	-52.372982	419.917685	-0.461121
764	2014-12-16-09-14-09	1418723303062141	1418723312819894	36725	-48.921795	408.551263	-0.432729
765	2014-12-16-09-14-09	1418723304404839	1418723320212593	43204	-38.786013	394.998035	-0.583991
766	2014-12-16-09-14-09	1418723305826932	1418723323535683	43985	-31.685846	392.252173	-0.716397
767	2014-12-16-09-14-09	1418723307309032	1418723325118439	42619	-26.574649	390.660024	-0.809441
768	2014-12-16-09-14-09	1418723308871662	1418723325978382	37273	-22.504875	389.619661	-0.879860
769	2014-12-16-09-14-09	1418723310575713	1418723326479589	27711	-18.622358	389.199461	-0.949190
770	2014-12-16-09-14-09	1418723312920117	1418723326820355	25271	-13.421330	389.952358	-1.057580
771	2014-12-16-09-14-09	1418723316806723	1418723328181812	25431	-1.248368	394.822234	-1.256488
772	2014-12-16-09-14-09	1418723318850792	1418723329824501	25845	8.313912	398.597790	-1.281254
773	2014-12-16-09-14-09	1418723320793812	1418723331466411	26007	17.886044	402.253284	-1.217402
774	2014-12-16-09-14-09	1418723322854392	1418723333069306	26188	27.193497	405.665700	-1.138726
775	2014-12-16-09-14-09	1418723324858011	1418723334772406	28040	37.603558	409.630677	-1.047465
776	2014-12-16-09-14-09	1418723326539750	1418723336693348	29230	47.621854	413.469870	-1.030142
777	2014-12-16-09-14-09	1418723328221879	1418723339637842	29654	59.002356	418.011995	-1.102404
778	2014-12-16-09-14-09	1418723329884637	1418723345375509	32489	70.852189	423.465348	-1.050130
779	2014-12-16-09-14-09	1418723331506485	1418723356008649	40421	83.896299	429.826781	-0.617841
780	2014-12-16-09-14-09	1418723333129508	1418723359323741	46184	88.247618	432.922991	-0.517392
781	2014-12-16-09-14-09	1418723334832521	1418723361771181	51296	91.301160	436.749025	-0.408977
782	2014-12-16-09-14-09	1418723336773327	1418723363174906	49064	93.367716	440.133361	-0.318040
783	2014-12-16-09-14-09	1418723339858135	1418723364156341	44821	95.306065	443.927527	-0.136296
784	2014-12-16-09-14-09	1418723345496037	1418723364857525	38394	97.455123	449.069568	0.091199
785	2014-12-16-09-14-09	1418723356048807	1418723365519300	35245	97.724367	466.390798	0.177420
786	2014-12-16-09-14-09	1418723358520515	1418723366581459	36100	95.935895	477.515893	0.213042
787	2014-12-16-09-14-09	1418723360187067	1418723367784582	34120	93.699381	487.756629	0.161188
788	2014-12-16-09-14-09	1418723361610735	1418723368987551	32186	91.607257	498.666521	0.184047
789	2014-12-16-09-14-09	1418723362894547	1418723370189722	33550	90.303399	508.898301	0.326263
790	2014-12-16-09-14-09	1418723364176400	1418723371351703	32842	89.206484	518.587328	0.246915
791	2014-12-16-09-14-09	1418723365439097	1418723372553738	29784	88.399692	528.995331	0.141155
792	2014-12-16-09-14-09	1418723366641632	1418723373777125	27693	88.496026	538.988775	0.059784
793	2014-12-16-09-14-09	1418723367864643	1418723375001100	28233	89.072768	548.883500	-0.000082
794	2014-12-16-09-14-09	1418723369067679	1418723376184478	27199	89.803002	559.556997	-0.242404
795	2014-12-16-09-14-09	1418723370249814	1418723377386297	27846	90.364797	569.952902	-0.587814
796	2014-12-16-09-14-09	1418723371411811	1418723378567893	29645	90.857736	580.041949	-0.683474
797	2014-12-16-09-14-09	1418723372593879	1418723379832251	31216	91.371680	590.587606	-0.742502
798	2014-12-16-09-14-09	1418723373817229	1418723381395286	35968	91.401704	602.188237	-0.709610
799	2014-12-16-09-14-09	1418723375021145	1418723383578808	40322	91.197404	614.553571	-0.573205
800	2014-12-16-09-14-09	1418723376224720	1418723390107966	40132	91.058424	631.835134	-0.548303
801	2014-12-16-09-14-09	1418723377406326	1418723395579127	45999	90.952094	640.418443	-0.522750
802	2014-12-16-09-14-09	1418723378587970	1418723397543377	51724	90.836455	645.079381	-0.519254
803	2014-12-16-09-14-09	1418723379872359	1418723399186163	55161	90.696723	649.704697	-0.523629
804	2014-12-16-09-14-09	1418723381435374	1418723400708073	50680	90.599561	654.551694	-0.542450
805	2014-12-16-09-14-09	1418723383678956	1418723402031400	43724	90.362797	659.901086	-0.587882
806	2014-12-16-09-14-09	1418723390428629	1418723403294071	43826	89.384875	670.781334	-0.610000
807	2014-12-16-09-14-09	1418723395639250	1418723404554931	42955	87.623718	687.162938	-0.607801
808	2014-12-16-09-14-09	1418723397583477	1418723405776509	41090	86.241119	697.844713	-0.596360
809	2014-12-16-09-14-09	1418723399226196	1418723406938135	38908	84.735332	708.622028	-0.609175
810	2014-12-16-09-14-09	1418723400748176	1418723408081360	39587	82.941615	719.356092	-0.637641
811	2014-12-16-09-14-09	1418723402071543	1418723409203787	39302	81.332984	729.420612	-0.704697
812	2014-12-16-09-14-09	1418723403334154	1418723410366465	39818	80.160949	739.994397	-0.734654
813	2014-12-16-09-14-09	1418723404594947	1418723411509452	41201	78.893931	749.957991	-0.844511
814	2014-12-16-09-14-09	1418723405816511	1418723412653954	40912	77.639257	759.608865	-1.015866
815	2014-12-16-09-14-09	1418723406998207	1418723413837153	37439	76.720918	770.108894	-0.925777
816	2014-12-16-09-14-09	1418723408141487	1418723414978540	41436	75.762871	780.568097	-0.833651
817	2014-12-16-09-14-09	1418723409263976	1418723416099243	43402	74.998921	790.168310	-0.800916
818	2014-12-16-09-14-09	1418723410406559	1418723417240409	40339	73.641399	799.982493	-0.947468
819	2014-12-16-09-14-09	1418723411549570	1418723418361758	38748	72.819449	809.924199	-0.901920
820	2014-12-16-09-14-09	1418723412714112	1418723419524630	37387	72.017037	819.943195	-0.746933
821	2014-12-16-09-14-09	1418723413877287	1418723420666872	39157	70.845215	830.498245	-0.813568
822	2014-12-16-09-14-09	1418723415018567	1418723421828903	39952	69.843611	841.028549	-0.919085
823	2014-12-16-09-14-09	1418723416139308	1418723423051387	40066	68.795461	850.998200	-0.995230
824	2014-12-16-09-14-09	1418723417280424	1418723424314459	42951	68.291630	861.255256	-0.876122
825	2014-12-16-09-14-09	1418723418421832	1418723425678162	44946	67.446322	871.634163	-0.851946
826	2014-12-16-09-14-09	1418723419584842	1418723427221258	42840	66.500414	882.122454	-0.983323
827	2014-12-16-09-14-09	1418723420746982	1418723429163045	39388	64.741703	894.015008	-1.180358
828	2014-12-16-09-14-09	1418723421909070	1418723431625924	39669	63.059991	905.308038	-1.241424
829	2014-12-16-09-14-09	1418723423111398	1418723434950764	37696	61.660926	916.583516	-1.350832
830	2014-12-16-09-14-09	1418723424374570	1418723480365793	40246	59.895646	928.548107	-1.140233
831	2014-12-16-09-14-09	1418723425738292	1418723482270331	43014	58.727109	934.164902	-1.025141
832	2014-12-16-09-14-09	1418723427281318	1418723483853292	44370	57.620332	939.142644	-0.893517
833	2014-12-16-09-14-09	1418723429223046	1418723485296503	41482	56.641887	944.925524	-0.779777
834	2014-12-16-09-14-09	1418723431686029	1418723486578908	37657	55.500444	951.214214	-0.711736
835	2014-12-16-09-14-09	1418723435091066	1418723487760685	36636	53.862930	958.741342	-0.547465
836	2014-12-16-09-14-09	1418723480305677	1418723488881503	31519	49.971975	976.319031	-0.599562
837	2014-12-16-09-14-09	1418723482210246	1418723490002356	33166	48.159593	988.000441	-0.865061
838	2014-12-16-09-14-09	1418723483793238	1418723491143596	33756	46.780483	998.679915	-1.033657
839	2014-12-16-09-14-09	1418723485236364	1418723492344138	37262	45.230426	1009.622983	-1.085676
840	2014-12-16-09-14-09	1418723486538898	1418723493725523	42194	43.603641	1020.710281	-1.131274
841	2014-12-16-09-14-09	1418723487740683	1418723495427295	45138	42.105694	1031.282980	-1.231511
842	2014-12-16-09-14-09	1418723488901525	1418723497492582	44540	40.284135	1042.309731	-1.435502
843	2014-12-16-09-14-09	1418723490042422	1418723499396667	45526	38.776903	1052.351361	-1.578707
844	2014-12-16-09-14-09	1418723491183671	1418723501219962	48154	37.509988	1061.287121	-1.644638
845	2014-12-16-09-14-09	1418723492404160	1418723503265194	50148	36.273233	1070.572445	-1.657568
846	2014-12-16-09-14-09	1418723493805736	1418723506268654	49443	34.008690	1081.505790	-1.675184
847	2014-12-16-09-14-09	1418723495527457	1418723511703049	61512	25.692431	1092.138778	-2.088782
848	2014-12-16-09-14-09	1418723497592916	1418723513509179	59416	19.874573	1096.254784	-2.223799
849	2014-12-16-09-14-09	1418723499456762	1418723514391218	52040	15.190387	1098.880800	-2.354553
850	2014-12-16-09-14-09	1418723501259972	1418723514832495	47310	11.123929	1100.597680	-2.515802
851	2014-12-16-09-14-09	1418723503325387	1418723515033147	43601	6.464551	1101.531326	-2.765618
852	2014-12-16-09-14-09	1418723506108642	1418723515474386	44706	-1.676459	1100.490066	-3.179685
853	2014-12-16-09-14-09	1418723508633226	1418723516596648	44728	-12.818213	1096.858235	-3.405177
854	2014-12-16-09-14-09	1418723510177964	1418723517859251	45169	-23.049690	1093.085518	-3.500130
855	2014-12-16-09-14-09	1418723511502474	1418723519202099	43977	-32.996679	1089.364634	-3.474134
856	2014-12-16-09-14-09	1418723512766244	1418723520543533	45035	-42.334095	1085.747623	-3.402599
857	2014-12-16-09-14-09	1418723514030613	1418723521906175	45203	-52.057816	1082.058623	-3.328522
858	2014-12-16-09-14-09	1418723515334084	1418723523289754	45670	-61.893424	1078.309200	-3.219642
859	2014-12-16-09-14-09	1418723516636712	1418723524954324	47172	-71.912493	1074.585494	-3.054438
860	2014-12-16-09-14-09	1418723517919409	1418723526558462	48181	-81.225677	1071.002064	-2.882413
861	2014-12-16-09-14-09	1418723519242116	1418723528183436	46583	-90.421232	1067.624560	-2.833093
862	2014-12-16-09-14-09	1418723520603611	1418723530068708	48844	-100.319523	1063.607256	-2.632110
863	2014-12-16-09-14-09	1418723521946241	1418723536006494	46302	-114.561618	1056.107553	-2.290460
864	2014-12-16-09-14-09	1418723523349863	1418723540786269	51291	-121.249254	1048.639165	-1.798681
865	2014-12-16-09-14-09	1418723525014491	1418723542555307	49791	-123.823768	1043.548731	-1.655253
866	2014-12-16-09-14-09	1418723526618642	1418723543458630	47217	-125.475603	1039.617919	-1.545483
867	2014-12-16-09-14-09	1418723528243627	1418723544020548	45176	-126.354845	1036.121823	-1.405681
868	2014-12-16-09-14-09	1418723530148904	1418723544462007	38917	-126.552483	1032.132029	-1.307538
869	2014-12-16-09-14-09	1418723535966322	1418723544883304	36042	-123.566325	1020.587896	-0.968385
870	2014-12-16-09-14-09	1418723538496561	1418723545966607	34210	-118.142247	1008.719636	-1.016621
871	2014-12-16-09-14-09	1418723540002614	1418723547169972	31261	-112.811186	998.418902	-1.230318
872	2014-12-16-09-14-09	1418723541289100	1418723548373045	30847	-107.750852	988.528056	-1.326618
873	2014-12-16-09-14-09	1418723542495004	1418723549616721	28531	-103.142353	979.298644	-1.366919
874	2014-12-16-09-14-09	1418723543679312	1418723550940642	29410	-98.426367	970.026609	-1.343919
875	2014-12-16-09-14-09	1418723544843156	1418723552186262	28588	-93.951912	961.503474	-1.281264
876	2014-12-16-09-14-09	1418723546006704	1418723553349680	30337	-89.326849	952.754315	-1.194662
877	2014-12-16-09-14-09	1418723547210072	1418723554551334	31317	-84.790258	943.898903	-1.054539
878	2014-12-16-09-14-09	1418723548433257	1418723555752888	33575	-80.319154	934.733576	-0.963734
879	2014-12-16-09-14-09	1418723549696967	1418723556935338	35057	-75.890983	925.894466	-0.807924
880	2014-12-16-09-14-09	1418723551000875	1418723558157468	37640	-71.236099	916.487344	-0.703254
881	2014-12-16-09-14-09	1418723552226449	1418723559501976	36758	-66.743913	907.431218	-0.644829
882	2014-12-16-09-14-09	1418723553389774	1418723561123794	35079	-62.050061	897.296674	-0.632883
883	2014-12-16-09-14-09	1418723554591363	1418723564807259	33963	-54.408377	884.029331	-0.601675
