Idx	Dataset	StartIdx	EndIdx	NumPts	X	Y	Z
0	2014-12-16-18-44-24	1418755550409282	1418755607314993	36296	-35.732506	861.043965	6.056973
1	2014-12-16-18-44-24	1418755578801478	1418755607314993	28750	-37.878656	855.265768	5.694476
2	2014-12-16-18-44-24	1418755596321608	1418755607475584	29587	-35.017346	839.502650	5.665342
3	2014-12-16-18-44-24	1418755599391288	1418755608798868	31784	-29.920233	827.151645	5.763404
4	2014-12-16-18-44-24	1418755601196710	1418755610223542	31547	-25.749704	816.530073	5.890820
5	2014-12-16-18-44-24	1418755602819904	1418755611628967	33118	-21.620554	806.539732	5.891928
6	2014-12-16-18-44-24	1418755604382724	1418755612974900	35561	-18.127886	797.611465	5.896098
7	2014-12-16-18-44-24	1418755605928811	1418755614280582	37258	-14.960285	788.749953	5.877113
8	2014-12-16-18-44-24	1418755607415366	1418755615567691	36895	-11.912849	779.809052	5.722177
9	2014-12-16-18-44-24	1418755608858976	1418755616814515	37237	-8.623695	770.778029	5.500936
10	2014-12-16-18-44-24	1418755610283764	1418755618060715	38074	-5.198798	760.898503	5.225913
11	2014-12-16-18-44-24	1418755611689212	1418755619264570	39581	-1.891824	750.981698	5.047534
12	2014-12-16-18-44-24	1418755613035159	1418755620449380	38256	1.112665	741.532379	4.907821
13	2014-12-16-18-44-24	1418755614340950	1418755621617564	38989	4.302394	731.982185	4.693966
14	2014-12-16-18-44-24	1418755615607954	1418755622802648	39438	7.359030	722.704094	4.538310
15	2014-12-16-18-44-24	1418755616854737	1418755623988824	40370	10.611205	713.064199	4.417684
16	2014-12-16-18-44-24	1418755618080935	1418755625195232	39795	14.030913	703.183924	4.260583
17	2014-12-16-18-44-24	1418755619284618	1418755626401141	38895	17.449343	693.469958	4.087455
18	2014-12-16-18-44-24	1418755620469511	1418755627609662	39053	21.014852	684.075213	3.929975
19	2014-12-16-18-44-24	1418755621657768	1418755628834534	37940	24.871729	674.808964	3.828783
20	2014-12-16-18-44-24	1418755622842794	1418755630039596	37772	28.594268	665.714256	3.722619
21	2014-12-16-18-44-24	1418755624029037	1418755631266403	36116	32.442201	656.451369	3.539933
22	2014-12-16-18-44-24	1418755625235411	1418755632453609	37368	36.665748	646.880602	3.434490
23	2014-12-16-18-44-24	1418755626441356	1418755633682852	37909	41.002544	637.514536	3.343542
24	2014-12-16-18-44-24	1418755627649916	1418755634929962	39436	45.349387	628.455225	3.178514
25	2014-12-16-18-44-24	1418755628874671	1418755636275721	37566	49.361966	618.779524	2.999223
26	2014-12-16-18-44-24	1418755630079803	1418755637759858	38975	53.712780	609.069580	2.759211
27	2014-12-16-18-44-24	1418755631306667	1418755639524620	35399	58.229080	599.511941	2.437892
28	2014-12-16-18-44-24	1418755632514049	1418755642433304	32181	64.351219	587.514836	2.016437
29	2014-12-16-18-44-24	1418755633723113	1418755663321198	52107	82.399354	595.715197	0.373734
30	2014-12-16-18-44-24	1418755634970156	1418755662475427	47491	83.372265	592.928444	0.295508
31	2014-12-16-18-44-24	1418755636315818	1418755661629501	42993	84.507715	590.348246	0.196838
32	2014-12-16-18-44-24	1418755637820112	1418755660742835	38087	85.701474	587.987007	0.099903
33	2014-12-16-18-44-24	1418755639604794	1418755659816490	34269	86.947582	586.129529	0.013019
34	2014-12-16-18-44-24	1418755642493542	1418755658991039	31236	89.128815	586.316558	-0.235878
35	2014-12-16-18-44-24	1418755650013843	1418755659071646	35529	91.707722	599.373172	-0.161074
36	2014-12-16-18-44-24	1418755652293996	1418755660239124	37631	91.149312	611.258216	-0.165264
37	2014-12-16-18-44-24	1418755653849034	1418755661548803	37794	90.779622	622.099715	-0.292376
38	2014-12-16-18-44-24	1418755655220894	1418755662837870	40747	90.568993	631.812480	-0.283798
39	2014-12-16-18-44-24	1418755656511775	1418755664146979	42750	90.301864	642.060040	-0.302990
40	2014-12-16-18-44-24	1418755657781364	1418755665475722	42913	90.039935	652.286801	-0.327943
41	2014-12-16-18-44-24	1418755659031328	1418755666763303	42417	89.875474	662.206326	-0.391538
42	2014-12-16-18-44-24	1418755660299539	1418755668051047	43413	89.365435	672.135657	-0.425287
43	2014-12-16-18-44-24	1418755661589140	1418755669317298	43956	88.336037	681.516391	-0.354530
44	2014-12-16-18-44-24	1418755662898285	1418755670564666	41392	87.303247	691.179874	-0.277335
45	2014-12-16-18-44-24	1418755664207365	1418755671789421	41950	86.327412	701.217397	-0.225837
46	2014-12-16-18-44-24	1418755665515997	1418755672954918	41710	85.046754	711.564027	-0.163577
47	2014-12-16-18-44-24	1418755666803558	1418755674099010	42572	83.535520	721.664241	-0.129861
48	2014-12-16-18-44-24	1418755668091261	1418755675223846	40762	82.095641	731.769204	-0.100196
49	2014-12-16-18-44-24	1418755669357559	1418755676329093	42408	80.974940	741.934284	-0.067392
50	2014-12-16-18-44-24	1418755670604860	1418755677414144	43332	79.574714	751.514384	-0.141447
51	2014-12-16-18-44-24	1418755671829577	1418755678502225	42535	78.273524	761.120056	-0.195761
52	2014-12-16-18-44-24	1418755673015157	1418755679568831	40751	77.250094	771.530187	-0.151356
53	2014-12-16-18-44-24	1418755674159194	1418755680575704	44574	76.333274	781.795378	-0.120301
54	2014-12-16-18-44-24	1418755675284149	1418755681582344	44082	75.460660	791.511254	-0.173750
55	2014-12-16-18-44-24	1418755676389385	1418755682570219	39251	74.324196	801.552890	-0.309081
56	2014-12-16-18-44-24	1418755677474523	1418755683538052	38056	73.728565	811.460639	-0.272651
57	2014-12-16-18-44-24	1418755678542455	1418755684524025	38321	72.836646	821.678484	-0.224246
58	2014-12-16-18-44-24	1418755679588977	1418755685489117	40467	71.810991	832.285102	-0.345174
59	2014-12-16-18-44-24	1418755680615974	1418755686476226	40402	70.891611	842.788634	-0.502038
60	2014-12-16-18-44-24	1418755681622664	1418755687465614	39459	70.131672	852.609903	-0.627274
61	2014-12-16-18-44-24	1418755682610563	1418755688494898	41494	69.550862	862.710595	-0.665428
62	2014-12-16-18-44-24	1418755683598473	1418755689542920	40918	68.626567	872.835172	-0.756779
63	2014-12-16-18-44-24	1418755684584306	1418755690671626	38402	67.778172	883.459775	-0.955691
64	2014-12-16-18-44-24	1418755685549537	1418755691921508	39750	66.529670	894.658293	-1.063089
65	2014-12-16-18-44-24	1418755686516554	1418755693475927	42102	65.251750	905.707489	-1.085594
66	2014-12-16-18-44-24	1418755687506003	1418755696073483	40819	63.820824	918.514846	-1.079769
67	2014-12-16-18-44-24	1418755688535195	1418755704363041	41997	61.821472	935.574583	-0.998372
68	2014-12-16-18-44-24	1418755689583171	1418755706417555	49106	61.160893	940.499437	-0.981037
69	2014-12-16-18-44-24	1418755690712087	1418755708309682	52612	60.310358	945.029247	-0.965988
70	2014-12-16-18-44-24	1418755691982155	1418755710238732	51684	59.505474	950.092994	-0.980406
71	2014-12-16-18-44-24	1418755693536494	1418755712604875	50439	59.016078	956.402086	-0.981053
72	2014-12-16-18-44-24	1418755696254695	1418755727370476	64291	73.979585	959.554236	-0.981006
73	2014-12-16-18-44-24	1418755704403358	1418755726545956	56039	77.870525	966.621081	-1.004034
74	2014-12-16-18-44-24	1418755706477933	1418755725680417	48608	78.643272	969.866445	-1.009174
75	2014-12-16-18-44-24	1418755708349935	1418755724714449	45157	79.437582	972.930243	-1.002835
76	2014-12-16-18-44-24	1418755710298932	1418755723750646	43175	81.306577	975.072811	-0.950884
77	2014-12-16-18-44-24	1418755712404343	1418755723209592	40176	85.202042	974.456633	-0.926373
78	2014-12-16-18-44-24	1418755714307979	1418755723670523	42559	89.755246	969.235681	-0.892126
79	2014-12-16-18-44-24	1418755716068960	1418755724513320	41501	93.940096	961.576106	-0.925065
80	2014-12-16-18-44-24	1418755717754597	1418755725539667	42752	97.243696	952.745830	-0.880903
81	2014-12-16-18-44-24	1418755719257618	1418755726666562	43167	100.346174	943.624472	-0.920279
82	2014-12-16-18-44-24	1418755720641476	1418755727812264	42313	104.082178	934.109402	-1.022799
83	2014-12-16-18-44-24	1418755721945930	1418755728936432	43183	108.194696	924.410750	-1.085873
84	2014-12-16-18-44-24	1418755723189528	1418755730041693	43821	112.648339	914.737702	-1.107239
85	2014-12-16-18-44-24	1418755724412796	1418755731167843	45888	117.418520	905.662013	-1.062330
86	2014-12-16-18-44-24	1418755725579879	1418755732255920	46848	122.382494	896.954453	-1.062027
87	2014-12-16-18-44-24	1418755726726875	1418755733345394	48468	127.630766	888.629515	-1.030097
88	2014-12-16-18-44-24	1418755727852411	1418755734432967	44669	133.006092	880.713941	-1.086315
89	2014-12-16-18-44-24	1418755728976607	1418755735499290	42075	138.758738	872.609677	-1.204419
90	2014-12-16-18-44-24	1418755730081899	1418755736544982	40186	145.138843	864.411436	-1.265109
91	2014-12-16-18-44-24	1418755731187990	1418755737608441	39779	151.479233	856.533916	-1.363304
92	2014-12-16-18-44-24	1418755732276071	1418755738652975	36766	158.066613	848.487624	-1.403934
93	2014-12-16-18-44-24	1418755733365547	1418755739716182	37260	164.696249	840.330985	-1.470342
94	2014-12-16-18-44-24	1418755734453108	1418755740780016	38708	171.178007	832.479094	-1.444111
95	2014-12-16-18-44-24	1418755735519384	1418755741822318	39924	177.632740	824.994867	-1.389802
96	2014-12-16-18-44-24	1418755736585167	1418755742905493	39796	184.586800	816.954427	-1.387349
97	2014-12-16-18-44-24	1418755737648566	1418755744010095	44043	191.517655	809.184449	-1.338399
98	2014-12-16-18-44-24	1418755738713034	1418755745154415	45955	198.714216	801.575168	-1.322069
99	2014-12-16-18-44-24	1418755739776344	1418755746320408	46537	205.859564	794.655157	-1.327406
100	2014-12-16-18-44-24	1418755740840198	1418755747527442	46651	213.094405	788.134964	-1.391663
101	2014-12-16-18-44-24	1418755741902561	1418755748913307	45723	220.812912	781.405254	-1.466722
102	2014-12-16-18-44-24	1418755742985777	1418755750477706	43788	228.957231	774.721285	-1.563863
103	2014-12-16-18-44-24	1418755744090389	1418755752386062	39135	237.808157	766.952762	-1.448343
104	2014-12-16-18-44-24	1418755745214715	1418755755299177	40682	247.511748	758.533558	-1.552177
105	2014-12-16-18-44-24	1418755746360628	1418755764102357	46411	260.032139	747.724447	-1.785354
106	2014-12-16-18-44-24	1418755747587815	1418755766192327	53671	263.630400	744.129076	-1.829124
107	2014-12-16-18-44-24	1418755748973478	1418755767879078	58519	266.823538	740.459441	-1.859200
108	2014-12-16-18-44-24	1418755750557926	1418755769387842	57945	269.639003	736.549412	-1.875250
109	2014-12-16-18-44-24	1418755752486676	1418755770794816	56804	272.421235	732.339817	-2.004655
110	2014-12-16-18-44-24	1418755755459654	1418755772140650	53792	275.489293	726.925503	-2.072674
111	2014-12-16-18-44-24	1418755764162669	1418755773447168	51426	283.584888	709.360463	-2.166475
112	2014-12-16-18-44-24	1418755766132082	1418755774776851	48080	287.414792	698.880826	-2.197458
113	2014-12-16-18-44-24	1418755767738481	1418755776086355	47204	290.569516	688.988014	-2.209466
114	2014-12-16-18-44-24	1418755769226616	1418755777394034	47781	293.560073	679.166018	-2.273570
115	2014-12-16-18-44-24	1418755770674419	1418755778660492	48784	296.331184	670.074825	-2.334357
116	2014-12-16-18-44-24	1418755772080314	1418755779947251	47385	299.061234	660.383260	-2.388148
117	2014-12-16-18-44-24	1418755773467279	1418755781174320	44443	302.064938	650.584475	-2.424109
118	2014-12-16-18-44-24	1418755774817203	1418755782442314	44115	304.932533	640.753321	-2.517599
119	2014-12-16-18-44-24	1418755776126654	1418755783688986	41396	307.946146	631.066980	-2.623277
120	2014-12-16-18-44-24	1418755777434217	1418755785075739	38596	311.319213	621.009968	-2.758622
121	2014-12-16-18-44-24	1418755778720765	1418755786584157	39551	314.875168	610.777186	-2.765076
122	2014-12-16-18-44-24	1418755780007594	1418755788151996	37997	318.417123	600.768142	-2.811113
123	2014-12-16-18-44-24	1418755781234621	1418755789756813	37496	322.027469	591.353157	-2.887460
124	2014-12-16-18-44-24	1418755782502669	1418755791279442	38224	325.805742	581.936560	-2.832458
125	2014-12-16-18-44-24	1418755783749247	1418755792805174	42699	329.460293	572.815443	-2.756853
126	2014-12-16-18-44-24	1418755785135986	1418755794570062	45811	333.312599	563.306881	-2.708326
127	2014-12-16-18-44-24	1418755786644486	1418755796658448	47930	337.686689	552.975876	-2.685315
128	2014-12-16-18-44-24	1418755788212260	1418755800171673	53385	344.246711	541.863496	-2.579045
129	2014-12-16-18-44-24	1418755789816943	1418755803324637	64804	352.581011	536.679716	-2.603355
130	2014-12-16-18-44-24	1418755791339649	1418755804528022	62126	357.843074	534.262660	-2.669997
131	2014-12-16-18-44-24	1418755792865342	1418755805330569	58054	362.792872	532.703361	-2.753593
132	2014-12-16-18-44-24	1418755794630291	1418755805791967	47402	367.726379	531.821500	-2.778526
133	2014-12-16-18-44-24	1418755796718653	1418755806053341	42955	373.669276	532.191734	-2.841680
134	2014-12-16-18-44-24	1418755799086595	1418755806837217	39846	383.961479	535.721005	-3.063552
135	2014-12-16-18-44-24	1418755800794721	1418755808002222	38918	394.260829	540.097313	-3.164961
136	2014-12-16-18-44-24	1418755802180974	1418755809170792	39534	404.704429	544.235728	-3.227629
137	2014-12-16-18-44-24	1418755803384759	1418755810339009	37979	414.393644	548.084892	-3.286948
138	2014-12-16-18-44-24	1418755804568196	1418755811527200	39087	423.800828	551.815128	-3.315576
139	2014-12-16-18-44-24	1418755805751783	1418755812753310	38196	433.262202	555.606946	-3.350706
140	2014-12-16-18-44-24	1418755806897430	1418755814000643	37653	442.371886	559.332937	-3.388921
141	2014-12-16-18-44-24	1418755808062650	1418755815250450	34404	451.382306	562.904429	-3.517968
142	2014-12-16-18-44-24	1418755809231239	1418755816496694	34991	461.343961	566.989112	-3.545039
143	2014-12-16-18-44-24	1418755810399396	1418755817742603	35740	470.500507	570.974874	-3.627355
144	2014-12-16-18-44-24	1418755811587532	1418755818949802	35561	479.517191	575.122292	-3.679657
145	2014-12-16-18-44-24	1418755812813595	1418755820155901	37312	489.054350	579.927387	-3.629827
146	2014-12-16-18-44-24	1418755814061180	1418755821321243	41320	498.080082	585.000468	-3.563782
147	2014-12-16-18-44-24	1418755815310773	1418755822528164	42298	506.413903	590.036262	-3.454951
148	2014-12-16-18-44-24	1418755816536866	1418755823774680	42760	515.441371	595.711211	-3.421435
149	2014-12-16-18-44-24	1418755817762715	1418755825060956	46846	523.908586	601.084592	-3.329202
150	2014-12-16-18-44-24	1418755818969928	1418755826510048	47225	532.315780	606.270277	-3.235426
151	2014-12-16-18-44-24	1418755820155901	1418755828318706	46764	541.595984	611.719232	-3.280153
152	2014-12-16-18-44-24	1418755821341367	1418755831513898	44887	553.056030	618.775274	-3.356995
153	2014-12-16-18-44-24	1418755822548249	1418755834349377	47315	561.869874	624.026119	-3.385665
154	2014-12-16-18-44-24	1418755823794734	1418755839108121	59085	573.474288	623.125246	-3.693883
155	2014-12-16-18-44-24	1418755825101198	1418755841015422	59419	579.642589	620.694392	-3.858430
156	2014-12-16-18-44-24	1418755826550223	1418755841837997	57036	583.694205	619.292218	-3.997853
157	2014-12-16-18-44-24	1418755828378953	1418755842359605	48028	587.271144	617.530712	-4.096997
158	2014-12-16-18-44-24	1418755831634813	1418755842620364	42564	592.380722	613.389470	-4.269127
159	2014-12-16-18-44-24	1418755834229089	1418755843122331	41839	597.430651	605.895655	-4.565897
160	2014-12-16-18-44-24	1418755835893759	1418755844327336	41765	602.154229	598.022885	-4.754762
161	2014-12-16-18-44-24	1418755837540125	1418755845530123	40011	607.528624	589.360437	-5.038841
162	2014-12-16-18-44-24	1418755839168417	1418755846712763	40238	613.061498	580.004139	-5.254299
163	2014-12-16-18-44-24	1418755840634261	1418755847874258	39840	618.684024	569.968373	-5.357447
164	2014-12-16-18-44-24	1418755841938373	1418755849078022	41839	623.512469	560.121358	-5.335340
165	2014-12-16-18-44-24	1418755843162524	1418755850281808	44167	627.621078	550.848041	-5.308986
166	2014-12-16-18-44-24	1418755844367437	1418755851504757	46666	631.241908	541.639371	-5.254494
167	2014-12-16-18-44-24	1418755845570216	1418755852731141	48082	634.415819	532.520290	-5.173912
168	2014-12-16-18-44-24	1418755846752831	1418755853976851	46215	637.311797	523.473484	-5.126467
169	2014-12-16-18-44-24	1418755847914351	1418755855241747	44119	640.142220	513.961547	-5.171105
170	2014-12-16-18-44-24	1418755849098099	1418755856528063	42452	643.173440	503.658048	-5.113004
171	2014-12-16-18-44-24	1418755850301848	1418755857814727	41853	645.800997	493.798543	-5.049049
172	2014-12-16-18-44-24	1418755851524846	1418755859101224	42635	648.134066	483.784606	-4.935221
173	2014-12-16-18-44-24	1418755852771348	1418755860386536	42347	650.335475	473.836126	-4.784059
174	2014-12-16-18-44-24	1418755854037110	1418755861651639	43670	652.317749	464.318037	-4.599653
175	2014-12-16-18-44-24	1418755855301961	1418755862897754	44966	654.233722	454.791446	-4.466534
176	2014-12-16-18-44-24	1418755856588352	1418755864122383	46222	655.996808	444.598169	-4.378754
177	2014-12-16-18-44-24	1418755857874981	1418755865347683	46912	657.711397	434.840189	-4.298700
178	2014-12-16-18-44-24	1418755859161492	1418755866553569	44684	659.593808	425.334422	-4.213405
179	2014-12-16-18-44-24	1418755860426680	1418755867739291	43708	661.372349	415.741067	-4.203109
180	2014-12-16-18-44-24	1418755861691832	1418755868965627	44838	663.109691	405.499320	-4.132670
181	2014-12-16-18-44-24	1418755862937930	1418755870151351	43297	664.769574	395.599491	-3.964771
182	2014-12-16-18-44-24	1418755864162515	1418755871360576	39923	666.354170	385.700977	-3.823454
183	2014-12-16-18-44-24	1418755865367790	1418755872546887	38471	667.580847	375.179337	-3.580229
184	2014-12-16-18-44-24	1418755866573691	1418755873751975	42413	668.302091	364.926209	-3.350663
185	2014-12-16-18-44-24	1418755867779481	1418755874979560	43801	668.901726	354.597880	-3.091184
186	2014-12-16-18-44-24	1418755868985723	1418755876246862	41552	669.562291	344.063525	-2.890487
187	2014-12-16-18-44-24	1418755870191591	1418755877513034	44535	670.074457	333.942667	-2.781807
188	2014-12-16-18-44-24	1418755871400834	1418755878860716	46166	670.385768	324.553059	-2.708388
189	2014-12-16-18-44-24	1418755872587043	1418755880287674	45546	670.817123	314.543813	-2.750549
190	2014-12-16-18-44-24	1418755873792165	1418755881792474	45190	671.185514	304.173979	-2.795100
191	2014-12-16-18-44-24	1418755875039947	1418755883279737	43635	671.386089	294.064416	-2.864829
192	2014-12-16-18-44-24	1418755876287032	1418755884804794	42399	671.328330	283.942533	-2.963677
193	2014-12-16-18-44-24	1418755877553256	1418755886729973	38851	671.212093	272.675917	-3.060388
194	2014-12-16-18-44-24	1418755878900938	1418755892523741	37330	671.364331	256.256039	-3.103516
195	2014-12-16-18-44-24	1418755880327789	1418755897639503	51391	665.950499	247.335362	-3.028431
196	2014-12-16-18-44-24	1418755881812563	1418755899466746	51087	661.555456	243.592278	-3.014624
197	2014-12-16-18-44-24	1418755883279737	1418755900571916	48962	657.927870	241.143868	-2.990910
198	2014-12-16-18-44-24	1418755884804794	1418755901175220	44170	655.029742	239.358081	-2.962538
199	2014-12-16-18-44-24	1418755886750067	1418755901497096	38543	651.867154	238.014387	-2.924122
200	2014-12-16-18-44-24	1418755892563763	1418755901718378	33373	640.105173	237.605331	-2.835871
201	2014-12-16-18-44-24	1418755894767929	1418755902984304	33584	628.089668	238.398835	-2.849703
202	2014-12-16-18-44-24	1418755896293080	1418755904309803	33740	617.520684	238.878113	-2.819700
203	2014-12-16-18-44-24	1418755897679744	1418755905634977	33641	607.530627	239.233462	-2.810441
204	2014-12-16-18-44-24	1418755899045393	1418755906978973	32001	597.416691	239.569252	-2.782750
205	2014-12-16-18-44-24	1418755900391038	1418755908361687	33610	586.978747	239.741778	-2.752041
206	2014-12-16-18-44-24	1418755901718378	1418755909825341	33041	576.349945	239.682652	-2.745686
207	2014-12-16-18-44-24	1418755903044556	1418755911390882	32890	565.596742	239.374115	-2.701310
208	2014-12-16-18-44-24	1418755904370045	1418755913138125	32831	554.670758	238.847979	-2.621723
209	2014-12-16-18-44-24	1418755905695269	1418755914927295	32694	544.504568	238.193473	-2.520530
210	2014-12-16-18-44-24	1418755907039067	1418755916694005	33432	534.926932	237.271158	-2.464159
211	2014-12-16-18-44-24	1418755908441903	1418755918683150	33684	524.847077	236.099576	-2.432280
212	2014-12-16-18-44-24	1418755909885527	1418755920675351	34650	515.321625	234.635924	-2.391739
213	2014-12-16-18-44-24	1418755911451149	1418755922526097	34623	507.027068	232.512332	-2.292192
214	2014-12-16-18-44-24	1418755913178323	1418755924153443	33368	498.664654	229.659830	-2.222154
215	2014-12-16-18-44-24	1418755914987607	1418755925623695	35384	490.278050	225.472346	-2.015400
216	2014-12-16-18-44-24	1418755916734191	1418755926910488	39993	482.456520	220.642864	-1.764704
217	2014-12-16-18-44-24	1418755918723397	1418755928115520	43983	474.224314	214.597928	-1.483536
218	2014-12-16-18-44-24	1418755920715540	1418755929362804	42857	465.710757	207.524536	-1.193635
219	2014-12-16-18-44-24	1418755922385438	1418755930707611	45447	457.728469	201.242866	-1.028881
220	2014-12-16-18-44-24	1418755923891981	1418755932090693	45577	449.646069	195.151794	-0.863495
221	2014-12-16-18-44-24	1418755925321528	1418755933537973	44786	441.067496	189.492006	-0.844605
222	2014-12-16-18-44-24	1418755926709591	1418755935062423	42690	431.845313	183.845698	-0.886908
223	2014-12-16-18-44-24	1418755928055269	1418755936687298	43931	422.610385	178.517984	-0.925839
224	2014-12-16-18-44-24	1418755929382934	1418755938391789	46071	413.868313	173.824390	-0.983839
225	2014-12-16-18-44-24	1418755930727639	1418755940117489	43726	405.006956	169.677877	-1.060159
226	2014-12-16-18-44-24	1418755932110776	1418755941799727	42669	396.118760	165.936421	-1.158868
227	2014-12-16-18-44-24	1418755933558053	1418755943523262	39872	387.038956	162.627481	-1.208052
228	2014-12-16-18-44-24	1418755935102537	1418755945565273	37361	376.887806	159.473499	-1.293377
229	2014-12-16-18-44-24	1418755936747507	1418755948349812	36546	365.290465	156.302944	-1.338464
230	2014-12-16-18-44-24	1418755938431878	1418755977987433	72685	375.395498	165.947356	-0.725517
231	2014-12-16-18-44-24	1418755940117489	1418755975940668	70699	371.298228	164.755314	-0.692349
232	2014-12-16-18-44-24	1418755941779706	1418755973994853	68760	367.100315	163.755210	-0.671140
233	2014-12-16-18-44-24	1418755943523262	1418755972128334	62782	363.322816	163.021175	-0.661120
234	2014-12-16-18-44-24	1418755945605297	1418755970260615	55963	360.132346	162.689320	-0.612590
235	2014-12-16-18-44-24	1418755948469823	1418755968338955	47280	357.746032	163.241388	-0.552409
236	2014-12-16-18-44-24	1418755953259055	1418755966857937	43279	360.512594	165.442194	-0.413786
237	2014-12-16-18-44-24	1418755956645655	1418755968478881	44999	371.976417	167.639137	-0.333069
238	2014-12-16-18-44-24	1418755958829308	1418755970381088	45092	382.306056	169.564034	-0.283746
239	2014-12-16-18-44-24	1418755960811352	1418755972268839	46078	391.929170	171.680844	-0.322920
240	2014-12-16-18-44-24	1418755962713853	1418755974155169	47205	401.500937	174.156828	-0.293658
241	2014-12-16-18-44-24	1418755964637233	1418755976181334	48308	411.235523	177.190854	-0.316419
242	2014-12-16-18-44-24	1418755966557819	1418755978368622	43735	420.946454	180.911085	-0.399404
243	2014-12-16-18-44-24	1418755968498861	1418755981155702	43150	432.096790	185.908234	-0.417476
244	2014-12-16-18-44-24	1418755970421228	1418755986603312	43211	445.179516	193.418441	-0.332054
245	2014-12-16-18-44-24	1418755972288918	1418755990173743	42098	452.493927	197.966005	-0.348427
246	2014-12-16-18-44-24	1418755974175207	1418755993025236	43624	458.199040	202.360488	-0.447861
247	2014-12-16-18-44-24	1418755976161279	1418755996892494	44522	463.633631	209.332131	-0.418594
248	2014-12-16-18-44-24	1418755978308453	1418755999298017	44436	466.147298	215.309908	-0.367202
249	2014-12-16-18-44-24	1418755981035265	1418756000825560	39796	467.886526	221.294330	-0.364507
250	2014-12-16-18-44-24	1418755986443151	1418756001988941	41959	469.860501	231.158144	-0.456543
251	2014-12-16-18-44-24	1418755990113452	1418756002871565	42038	469.715576	240.235832	-0.422740
252	2014-12-16-18-44-24	1418755992985083	1418756003614204	42002	467.719855	248.204464	-0.282765
253	2014-12-16-18-44-24	1418755995508555	1418756004917566	42781	463.534201	258.419111	-0.289243
254	2014-12-16-18-44-24	1418755997393306	1418756006261427	41848	459.795465	267.915124	-0.419809
255	2014-12-16-18-44-24	1418755999077299	1418756007584164	40393	455.903604	277.748524	-0.464318
256	2014-12-16-18-44-24	1418756000624799	1418756008885876	42208	452.058184	287.479237	-0.542989
257	2014-12-16-18-44-24	1418756002129334	1418756010167974	44303	448.023700	297.432176	-0.630172
258	2014-12-16-18-44-24	1418756003574033	1418756011410343	45602	443.905288	306.885839	-0.767238
259	2014-12-16-18-44-24	1418756004957659	1418756012653692	44464	439.773459	316.179792	-0.937255
260	2014-12-16-18-44-24	1418756006301465	1418756013919238	43869	435.550863	325.358625	-0.910820
261	2014-12-16-18-44-24	1418756007624261	1418756015221953	42944	431.096908	334.546338	-1.105774
262	2014-12-16-18-44-24	1418756008925915	1418756016603471	41565	426.516237	343.878287	-1.281211
263	2014-12-16-18-44-24	1418756010187977	1418756018066132	42957	421.830903	353.718759	-1.352961
264	2014-12-16-18-44-24	1418756011430401	1418756019648369	43025	417.375329	363.094896	-1.471950
265	2014-12-16-18-44-24	1418756012673759	1418756021330622	44453	412.982678	372.449585	-1.517577
266	2014-12-16-18-44-24	1418756013939302	1418756023034940	45249	408.644354	381.811656	-1.632353
267	2014-12-16-18-44-24	1418756015262018	1418756024481771	47528	405.132447	389.861475	-1.696027
268	2014-12-16-18-44-24	1418756016643454	1418756025667353	47639	401.945192	397.448923	-1.751213
269	2014-12-16-18-44-24	1418756018126281	1418756026712302	45505	398.569324	405.325061	-1.880696
270	2014-12-16-18-44-24	1418756019708338	1418756027716828	43418	395.231601	413.463564	-1.894126
271	2014-12-16-18-44-24	1418756021390797	1418756028742017	41532	391.382572	422.750031	-1.963397
272	2014-12-16-18-44-24	1418756023095231	1418756029809841	40699	386.747834	433.860638	-2.019729
273	2014-12-16-18-44-24	1418756024521983	1418756030954247	42458	381.988217	445.021330	-1.962135
274	2014-12-16-18-44-24	1418756025707538	1418756032318715	42237	377.108968	456.068246	-1.894659
275	2014-12-16-18-44-24	1418756026752485	1418756034163501	46169	372.201303	467.302873	-1.729136
276	2014-12-16-18-44-24	1418756027756975	1418756086213953	52293	364.798204	483.958349	-1.605606
277	2014-12-16-18-44-24	1418756028782282	1418756089227814	57527	362.066692	490.239938	-1.444844
278	2014-12-16-18-44-24	1418756029850059	1418756091015721	62533	359.973045	495.046386	-1.300676
279	2014-12-16-18-44-24	1418756031014486	1418756092542385	61631	357.896215	499.561796	-1.232016
280	2014-12-16-18-44-24	1418756032378834	1418756094008324	57160	355.744774	504.624624	-1.138278
281	2014-12-16-18-44-24	1418756034283734	1418756095615458	51836	353.097212	510.785971	-1.063581
282	2014-12-16-18-44-24	1418756086495192	1418756097721854	50899	346.526305	526.546670	-0.748745
283	2014-12-16-18-44-24	1418756089288090	1418756100990134	49470	340.496928	541.141770	-0.790723
284	2014-12-16-18-44-24	1418756091076052	1418756107052284	62144	329.532689	550.925729	-1.179758
285	2014-12-16-18-44-24	1418756092582544	1418756109179249	58455	323.628700	552.743782	-1.395855
286	2014-12-16-18-44-24	1418756094028411	1418756110483638	54066	318.405488	553.686912	-1.525388
287	2014-12-16-18-44-24	1418756095655627	1418756111225602	46043	314.021123	554.233279	-1.642911
288	2014-12-16-18-44-24	1418756097801977	1418756111606221	40329	309.204094	554.181041	-1.800245
289	2014-12-16-18-44-24	1418756101090379	1418756111866767	38367	301.561814	551.789361	-2.041795
290	2014-12-16-18-44-24	1418756103877878	1418756113571841	37991	289.409019	545.668162	-2.299504
291	2014-12-16-18-44-24	1418756105525038	1418756115674242	38398	278.923669	540.815368	-2.359264
292	2014-12-16-18-44-24	1418756107012122	1418756119324346	48027	266.387642	538.872664	-2.268727
293	2014-12-16-18-44-24	1418756108536252	1418756121711211	55995	258.266795	540.602797	-2.119891
294	2014-12-16-18-44-24	1418756110122695	1418756123156693	55745	251.939370	542.941068	-2.033697
295	2014-12-16-18-44-24	1418756111806665	1418756124099626	53172	246.566940	545.633971	-2.007677
296	2014-12-16-18-44-24	1418756113631969	1418756124781789	48392	241.757230	549.246836	-1.952020
297	2014-12-16-18-44-24	1418756115674242	1418756125564158	45119	236.732991	555.259035	-1.902374
298	2014-12-16-18-44-24	1418756117778226	1418756126907948	45343	230.891075	564.520388	-1.834243
299	2014-12-16-18-44-24	1418756119525046	1418756128390869	43307	224.900439	573.612647	-1.763190
300	2014-12-16-18-44-24	1418756121069478	1418756129856397	40821	218.899391	581.703360	-1.694817
301	2014-12-16-18-44-24	1418756122534113	1418756131219884	37929	212.646229	589.250746	-1.545725
302	2014-12-16-18-44-24	1418756123999338	1418756132524264	36266	206.124294	596.295189	-1.417202
303	2014-12-16-18-44-24	1418756125463890	1418756133788245	35364	198.954821	603.004041	-1.232952
304	2014-12-16-18-44-24	1418756126948067	1418756135071681	34782	190.980728	609.738326	-1.063013
305	2014-12-16-18-44-24	1418756128410941	1418756136395401	34106	182.753378	616.344239	-0.943625
306	2014-12-16-18-44-24	1418756129816343	1418756137760018	34292	174.659069	622.828252	-0.860170
307	2014-12-16-18-44-24	1418756131159672	1418756139142446	35335	167.053920	629.228240	-0.897051
308	2014-12-16-18-44-24	1418756132464047	1418756140586314	36948	159.596176	636.050598	-0.827211
309	2014-12-16-18-44-24	1418756133768207	1418756142109053	39903	152.686031	643.674993	-0.803052
310	2014-12-16-18-44-24	1418756135091732	1418756143670801	41395	146.693775	651.937264	-0.895775
311	2014-12-16-18-44-24	1418756136435519	1418756145414798	40859	141.330736	661.336008	-1.004287
312	2014-12-16-18-44-24	1418756137800109	1418756148120495	38576	136.210544	672.224516	-1.137613
313	2014-12-16-18-44-24	1418756139182495	1418756152473706	46031	133.312744	684.106493	-1.187695
314	2014-12-16-18-44-24	1418756140586314	1418756155503463	55333	135.387428	692.646420	-1.275611
315	2014-12-16-18-44-24	1418756142008928	1418756157109527	59441	138.173911	698.333339	-1.352095
316	2014-12-16-18-44-24	1418756143490416	1418756158232770	58033	141.143648	702.717217	-1.391177
317	2014-12-16-18-44-24	1418756145234422	1418756158955035	55057	144.319840	706.590634	-1.397061
318	2014-12-16-18-44-24	1418756147860183	1418756159376417	52362	149.208040	710.485067	-1.382171
319	2014-12-16-18-44-24	1418756151570219	1418756160339790	52399	161.063282	716.098476	-1.489193
320	2014-12-16-18-44-24	1418756153337300	1418756161704189	53833	170.917714	720.074893	-1.537749
321	2014-12-16-18-44-24	1418756154821274	1418756163126268	53989	180.566567	723.792164	-1.620046
322	2014-12-16-18-44-24	1418756156206773	1418756164528079	53386	190.010593	727.408242	-1.659502
323	2014-12-16-18-44-24	1418756157590901	1418756165990733	53312	199.757801	730.983711	-1.662634
324	2014-12-16-18-44-24	1418756158975094	1418756167534016	53443	209.463135	734.460377	-1.698644
325	2014-12-16-18-44-24	1418756160359862	1418756170224440	50906	221.300870	739.359516	-1.749361
326	2014-12-16-18-44-24	1418756161764295	1418756191985019	65280	228.673975	756.158463	-2.005592
327	2014-12-16-18-44-24	1418756163166342	1418756192807981	62184	229.399187	759.614954	-2.013677
328	2014-12-16-18-44-24	1418756164588168	1418756193149617	54955	230.132123	762.294419	-2.045353
329	2014-12-16-18-44-24	1418756166050792	1418756193169704	49455	230.737945	764.533599	-2.081518
330	2014-12-16-18-44-24	1418756167614245	1418756193008953	44894	230.871900	766.577277	-2.115993
331	2014-12-16-18-44-24	1418756170645796	1418756192968756	44710	228.130905	770.851933	-2.137420
332	2014-12-16-18-44-24	1418756185841841	1418756193993345	49423	216.007760	781.980283	-1.832841
333	2014-12-16-18-44-24	1418756187448541	1418756195316219	50848	207.923318	789.215367	-1.793633
334	2014-12-16-18-44-24	1418756188794597	1418756196638284	53764	200.764177	795.784902	-1.738173
335	2014-12-16-18-44-24	1418756190100155	1418756197981871	52788	193.697811	802.596458	-1.729887
336	2014-12-16-18-44-24	1418756191403467	1418756199306177	50959	186.954266	809.674695	-1.792021
337	2014-12-16-18-44-24	1418756192707491	1418756200630505	47439	180.051969	817.255468	-1.820170
338	2014-12-16-18-44-24	1418756194033478	1418756201972458	46107	173.303403	824.878662	-1.921142
339	2014-12-16-18-44-24	1418756195356254	1418756203315012	42331	166.581294	832.680654	-2.026049
340	2014-12-16-18-44-24	1418756196678311	1418756204638435	40741	160.149019	840.292611	-2.132404
341	2014-12-16-18-44-24	1418756198022008	1418756205984082	41846	153.665047	848.592877	-2.132412
342	2014-12-16-18-44-24	1418756199346304	1418756207308485	45049	147.451028	856.458486	-2.085077
343	2014-12-16-18-44-24	1418756200690665	1418756208631689	43937	141.134299	864.682816	-2.064240
344	2014-12-16-18-44-24	1418756202032549	1418756209955510	47513	135.205209	873.091117	-1.975084
345	2014-12-16-18-44-24	1418756203375146	1418756211257844	49342	129.639925	881.268517	-1.927808
346	2014-12-16-18-44-24	1418756204698699	1418756212519812	50233	124.767734	889.085873	-1.880497
347	2014-12-16-18-44-24	1418756206024240	1418756213801837	48572	119.573668	897.685433	-1.870536
348	2014-12-16-18-44-24	1418756207348600	1418756215162578	46288	114.674157	906.358301	-1.888954
349	2014-12-16-18-44-24	1418756208671811	1418756216703859	43878	109.804388	916.227930	-1.884818
350	2014-12-16-18-44-24	1418756209975557	1418756218663749	43582	104.831687	927.340706	-1.852248
351	2014-12-16-18-44-24	1418756211277873	1418756222764572	44358	99.135410	941.395984	-1.669399
352	2014-12-16-18-44-24	1418756212559913	1418756273432306	46854	94.475277	953.084192	-1.611648
353	2014-12-16-18-44-24	1418756213841864	1418756276020677	49570	92.107462	958.111151	-1.504251
354	2014-12-16-18-44-24	1418756215202600	1418756342801243	54112	85.963468	964.984077	-1.221472
355	2014-12-16-18-44-24	1418756216743885	1418756344750662	50231	82.829373	968.043689	-1.096457
356	2014-12-16-18-44-24	1418756218743694	1418756346235324	42235	79.570708	971.269390	-1.023395
357	2014-12-16-18-44-24	1418756222984457	1418756347801654	38121	74.526735	976.138641	-0.941760
358	2014-12-16-18-44-24	1418756273452420	1418756349385906	40717	64.632060	984.971809	-0.586751
359	2014-12-16-18-44-24	1418756275740105	1418756351149951	44082	59.730476	990.986553	-0.485448
360	2014-12-16-18-44-24	1418756341254232	1418756352331867	42579	52.167531	1001.537835	-0.406686
361	2014-12-16-18-44-24	1418756343685601	1418756353314168	43451	48.625698	1010.264413	-0.357401
362	2014-12-16-18-44-24	1418756345433019	1418756354397801	48136	46.727794	1019.200647	-0.390721
363	2014-12-16-18-44-24	1418756346978672	1418756355422748	49721	45.463707	1027.480782	-0.371476
364	2014-12-16-18-44-24	1418756348443472	1418756356387203	47214	44.167563	1035.454456	-0.390828
365	2014-12-16-18-44-24	1418756349927357	1418756357332513	42195	42.617160	1044.700868	-0.484658
366	2014-12-16-18-44-24	1418756351470482	1418756358357599	41686	41.069636	1055.194199	-0.616388
367	2014-12-16-18-44-24	1418756353073441	1418756359523554	39751	39.198763	1067.581710	-0.773152
368	2014-12-16-18-44-24	1418756354417883	1418756361252987	37753	36.404739	1081.544452	-0.835603
369	2014-12-16-18-44-24	1418756355462913	1418756365628032	49814	25.451990	1094.237078	-1.306478
370	2014-12-16-18-44-24	1418756356427439	1418756367494582	49204	18.338379	1097.297143	-1.542156
371	2014-12-16-18-44-24	1418756357392828	1418756368417542	47104	13.201419	1098.927249	-1.680305
372	2014-12-16-18-44-24	1418756358417860	1418756368918411	45134	8.916144	1099.995255	-1.815517
373	2014-12-16-18-44-24	1418756359604187	1418756369138930	44184	4.774199	1100.479760	-1.969889
374	2014-12-16-18-44-24	1418756361273080	1418756369560226	44993	-1.994861	1099.362147	-2.261231
375	2014-12-16-18-44-24	1418756363079426	1418756370643017	44269	-11.612818	1096.062333	-2.474524
376	2014-12-16-18-44-24	1418756364504339	1418756371885570	44644	-21.782506	1092.305447	-2.651563
377	2014-12-16-18-44-24	1418756365788770	1418756373168130	43342	-31.689731	1088.539519	-2.738451
378	2014-12-16-18-44-24	1418756367012777	1418756374451768	44876	-41.066856	1084.843811	-2.769098
379	2014-12-16-18-44-24	1418756368237202	1418756375756574	44572	-50.845482	1081.084970	-2.819776
380	2014-12-16-18-44-24	1418756369459881	1418756377062176	44872	-60.551554	1077.363915	-2.862554
381	2014-12-16-18-44-24	1418756370703153	1418756378426269	45891	-69.890224	1073.888112	-2.863140
382	2014-12-16-18-44-24	1418756371965829	1418756379970956	46995	-79.804562	1070.042900	-2.822738
383	2014-12-16-18-44-24	1418756373228226	1418756381977871	45097	-90.421507	1066.081846	-2.857398
384	2014-12-16-18-44-24	1418756374511935	1418756405147903	46725	-108.128204	1058.586585	-2.587166
385	2014-12-16-18-44-24	1418756375796740	1418756427596507	47911	-116.595559	1053.918338	-2.534979
386	2014-12-16-18-44-24	1418756377102373	1418756432417908	55019	-121.121619	1049.000951	-2.371073
387	2014-12-16-18-44-24	1418756378466399	1418756435625516	56345	-123.329766	1043.989144	-2.223348
388	2014-12-16-18-44-24	1418756379991031	1418756437729991	53059	-125.144475	1040.701474	-2.224728
389	2014-12-16-18-44-24	1418756382038103	1418756440275161	59379	-127.468238	1035.687303	-2.153763
390	2014-12-16-18-44-24	1418756405228260	1418756442618867	58499	-132.381086	1024.735195	-2.063863
391	2014-12-16-18-44-24	1418756427536287	1418756444844541	54964	-137.219382	1012.785766	-1.910728
392	2014-12-16-18-44-24	1418756430308228	1418756446770972	44389	-141.634000	1006.007461	-1.910331
393	2014-12-16-18-44-24	1418756432136776	1418756447792382	35303	-145.327413	1002.100027	-1.945175
394	2014-12-16-18-44-24	1418756434543511	1418756448533287	32530	-150.516621	998.392150	-2.041273
395	2014-12-16-18-44-24	1418756437288833	1418756450535923	33747	-159.056730	993.945473	-1.950217
396	2014-12-16-18-44-24	1418756440054691	1418756452823322	33733	-169.059462	988.808594	-1.838765
397	2014-12-16-18-44-24	1418756442358599	1418756455229338	33796	-178.806621	983.210393	-1.780993
398	2014-12-16-18-44-24	1418756444403368	1418756457413938	35369	-187.228965	978.052411	-1.738222
399	2014-12-16-18-44-24	1418756446309131	1418756459458823	38194	-194.724868	973.260991	-1.686415
400	2014-12-16-18-44-24	1418756448333104	1418756461402153	37046	-202.034266	968.417565	-1.689198
401	2014-12-16-18-44-24	1418756450576048	1418756463227291	35713	-209.830312	962.760292	-1.721519
402	2014-12-16-18-44-24	1418756452823322	1418756465050560	34101	-217.830486	956.937669	-1.763951
403	2014-12-16-18-44-24	1418756455229338	1418756466895099	33934	-226.509604	950.653122	-1.772519
404	2014-12-16-18-44-24	1418756457413938	1418756468739532	33330	-235.070348	944.341962	-1.793762
405	2014-12-16-18-44-24	1418756459458823	1418756470586147	32598	-243.512913	938.090862	-1.799350
406	2014-12-16-18-44-24	1418756461402153	1418756472529892	32435	-251.687827	931.956166	-1.758425
407	2014-12-16-18-44-24	1418756463267369	1418756474473079	31683	-259.860377	925.791250	-1.729114
408	2014-12-16-18-44-24	1418756465090575	1418756476335774	31326	-267.733899	919.887074	-1.688820
409	2014-12-16-18-44-24	1418756466935177	1418756478159466	30739	-275.586775	914.069331	-1.655275
410	2014-12-16-18-44-24	1418756468779613	1418756479982558	30663	-283.474159	908.225878	-1.607434
411	2014-12-16-18-44-24	1418756470626163	1418756481824842	30806	-291.394118	902.345252	-1.547202
412	2014-12-16-18-44-24	1418756472589998	1418756483647760	30640	-299.513347	896.305258	-1.502715
413	2014-12-16-18-44-24	1418756474533234	1418756485450879	31053	-307.622522	890.282051	-1.467260
414	2014-12-16-18-44-24	1418756476395855	1418756487252984	31037	-315.588470	884.341169	-1.437759
415	2014-12-16-18-44-24	1418756478219557	1418756489055360	30525	-323.238203	878.582655	-1.436869
416	2014-12-16-18-44-24	1418756480042613	1418756490819774	29865	-331.188737	872.653604	-1.437330
417	2014-12-16-18-44-24	1418756481884966	1418756492605132	29211	-339.571667	866.361688	-1.457588
418	2014-12-16-18-44-24	1418756483707874	1418756494650784	28905	-348.695758	859.548946	-1.437326
419	2014-12-16-18-44-24	1418756485510927	1418756498039391	28502	-359.937494	851.397669	-1.338735
420	2014-12-16-18-44-24	1418756487313056	1418756506615294	38591	-370.693734	839.943182	-1.372933
421	2014-12-16-18-44-24	1418756489115416	1418756511303797	50436	-371.770799	831.509065	-1.619877
422	2014-12-16-18-44-24	1418756490899982	1418756513289785	51367	-371.746277	826.620680	-1.754654
423	2014-12-16-18-44-24	1418756492665345	1418756514311737	49308	-371.758620	823.212899	-1.850070
424	2014-12-16-18-44-24	1418756494730956	1418756514892439	45691	-371.279694	819.794630	-1.951308
425	2014-12-16-18-44-24	1418756498199612	1418756515112660	40787	-369.516145	814.961615	-2.163675
426	2014-12-16-18-44-24	1418756504109541	1418756516156567	41710	-361.690908	804.687714	-2.696883
427	2014-12-16-18-44-24	1418756506955858	1418756517760912	42558	-354.277678	795.921909	-2.960400
428	2014-12-16-18-44-24	1418756509018321	1418756519365863	42329	-347.204361	787.704242	-3.114754
429	2014-12-16-18-44-24	1418756510962743	1418756520948041	42251	-340.223657	779.656358	-3.176122
430	2014-12-16-18-44-24	1418756512848829	1418756522450054	38818	-334.196850	772.530787	-3.347640
431	2014-12-16-18-44-24	1418756514572113	1418756523950433	38908	-328.058081	765.024454	-3.338681
432	2014-12-16-18-44-24	1418756516196876	1418756525470846	39181	-321.408706	756.693941	-3.358759
433	2014-12-16-18-44-24	1418756517800998	1418756527051844	39207	-314.566257	748.160663	-3.366763
434	2014-12-16-18-44-24	1418756519405933	1418756528654006	38228	-307.712691	739.637234	-3.410202
435	2014-12-16-18-44-24	1418756520988075	1418756530216303	39656	-300.900396	731.295335	-3.436612
436	2014-12-16-18-44-24	1418756522510113	1418756531739320	42508	-295.622039	724.808822	-3.304318
437	2014-12-16-18-44-24	1418756524010490	1418756533223267	42389	-289.453824	717.900249	-3.270907
438	2014-12-16-18-44-24	1418756525530807	1418756534706674	40170	-282.775929	711.127157	-3.246384
439	2014-12-16-18-44-24	1418756527111880	1418756536210394	40560	-275.703090	703.476134	-3.234541
440	2014-12-16-18-44-24	1418756528714156	1418756537714535	40739	-268.279896	695.642987	-3.151807
441	2014-12-16-18-44-24	1418756530256395	1418756539256764	39869	-260.772594	687.925666	-3.083803
442	2014-12-16-18-44-24	1418756531779428	1418756540779021	40956	-253.572874	680.692714	-3.042634
443	2014-12-16-18-44-24	1418756533263341	1418756542240588	40930	-246.772081	673.464168	-2.928868
444	2014-12-16-18-44-24	1418756534746764	1418756543642371	42094	-240.725767	666.604830	-2.897502
445	2014-12-16-18-44-24	1418756536250479	1418756545104798	40790	-233.521866	659.647623	-2.843838
446	2014-12-16-18-44-24	1418756537754627	1418756546667050	38327	-225.959845	652.273318	-2.805040
447	2014-12-16-18-44-24	1418756539316818	1418756548390215	38370	-218.087809	644.109171	-2.656087
448	2014-12-16-18-44-24	1418756540839078	1418756550154845	40336	-210.690370	636.300604	-2.518660
449	2014-12-16-18-44-24	1418756542300591	1418756551817826	41868	-203.958259	628.989571	-2.432427
450	2014-12-16-18-44-24	1418756543702428	1418756553399940	45053	-197.943377	622.140834	-2.285675
451	2014-12-16-18-44-24	1418756545164867	1418756554942109	46149	-192.006932	614.911769	-2.162775
452	2014-12-16-18-44-24	1418756546727135	1418756556463564	44400	-186.331703	607.448700	-2.126215
453	2014-12-16-18-44-24	1418756548450376	1418756558024146	41996	-180.427639	599.346007	-2.196830
454	2014-12-16-18-44-24	1418756550194893	1418756559626682	40354	-174.632282	590.371982	-2.234032
455	2014-12-16-18-44-24	1418756551837835	1418756567834037	33663	-166.262247	574.548808	-2.353772
456	2014-12-16-18-44-24	1418756553419995	1418756571242895	34841	-162.245867	566.094205	-2.407141
457	2014-12-16-18-44-24	1418756554982145	1418756573066877	35973	-159.751186	560.143939	-2.419335
458	2014-12-16-18-44-24	1418756556503606	1418756574690388	40392	-157.743545	554.275542	-2.406878
459	2014-12-16-18-44-24	1418756558044171	1418756576352956	40986	-156.211411	548.121976	-2.393691
460	2014-12-16-18-44-24	1418756559646714	1418756578218172	40163	-154.847637	541.225072	-2.440385
461	2014-12-16-18-44-24	1418756567813986	1418756581104975	43892	-152.059467	525.665055	-2.550863
462	2014-12-16-18-44-24	1418756571182779	1418756583291723	40221	-149.662061	512.182103	-2.710720
463	2014-12-16-18-44-24	1418756573006783	1418756584957284	40689	-148.303830	504.041513	-2.875391
464	2014-12-16-18-44-24	1418756574650347	1418756586441329	40063	-147.012767	496.525959	-3.018512
465	2014-12-16-18-44-24	1418756576312838	1418756587883919	36731	-145.491096	488.628275	-3.146904
466	2014-12-16-18-44-24	1418756578218172	1418756589285102	34859	-143.757734	480.634351	-3.279027
467	2014-12-16-18-44-24	1418756581144978	1418756590768214	34537	-141.367653	468.224189	-3.365181
468	2014-12-16-18-44-24	1418756583311787	1418756592310420	37073	-139.463432	456.016534	-3.383509
469	2014-12-16-18-44-24	1418756584977341	1418756593793558	38278	-138.184395	445.292932	-3.322771
470	2014-12-16-18-44-24	1418756586461360	1418756595416205	38914	-137.023656	434.982235	-3.319755
471	2014-12-16-18-44-24	1418756587903937	1418756597037961	40057	-135.945701	424.734342	-3.328628
472	2014-12-16-18-44-24	1418756589325155	1418756598560191	42365	-135.190812	415.664019	-3.313364
473	2014-12-16-18-44-24	1418756590808256	1418756600001114	41280	-134.354900	406.325770	-3.375995
474	2014-12-16-18-44-24	1418756592350485	1418756601424107	39324	-133.383047	396.899256	-3.447817
475	2014-12-16-18-44-24	1418756593853735	1418756602826792	38677	-132.411592	386.805674	-3.547451
476	2014-12-16-18-44-24	1418756595476259	1418756604268527	38680	-131.522181	376.422054	-3.630949
477	2014-12-16-18-44-24	1418756597097967	1418756605810524	37486	-130.711736	365.376039	-3.708092
478	2014-12-16-18-44-24	1418756598600215	1418756607492600	38007	-129.935431	354.529886	-3.774894
479	2014-12-16-18-44-24	1418756600041126	1418756609075416	37728	-129.186522	344.639714	-3.849633
480	2014-12-16-18-44-24	1418756601464260	1418756610557241	39269	-128.707370	335.535563	-3.879645
481	2014-12-16-18-44-24	1418756602866827	1418756611998937	39318	-128.046754	326.014050	-3.903789
482	2014-12-16-18-44-24	1418756604308602	1418756613400825	39077	-127.394042	316.449402	-3.904363
483	2014-12-16-18-44-24	1418756605850556	1418756614841369	38389	-126.636544	306.397195	-3.905563
484	2014-12-16-18-44-24	1418756607532663	1418756616401790	37214	-125.818410	295.678687	-3.899709
485	2014-12-16-18-44-24	1418756609095441	1418756618261987	38467	-124.883869	284.509714	-3.768400
486	2014-12-16-18-44-24	1418756610577268	1418756620065727	37650	-123.938698	274.247963	-3.741923
487	2014-12-16-18-44-24	1418756612018951	1418756621909443	37325	-122.933710	264.220466	-3.710162
488	2014-12-16-18-44-24	1418756613440827	1418756662490176	37620	-120.986927	249.361508	-3.470565
489	2014-12-16-18-44-24	1418756614861383	1418756667228328	40372	-118.915152	238.461593	-3.165840
490	2014-12-16-18-44-24	1418756616421775	1418756669255824	42133	-117.398544	232.611082	-3.035192
491	2014-12-16-18-44-24	1418756618302012	1418756671121295	42112	-116.065425	226.064392	-2.931655
492	2014-12-16-18-44-24	1418756620105876	1418756673027433	52596	-115.162883	219.295946	-2.824994
493	2014-12-16-18-44-24	1418756621969567	1418756674775383	51817	-114.570971	212.673819	-2.807604
494	2014-12-16-18-44-24	1418756662490176	1418756676519773	46687	-113.477299	202.662354	-2.833308
495	2014-12-16-18-44-24	1418756667168015	1418756677903234	36040	-112.887200	188.459308	-3.097261
496	2014-12-16-18-44-24	1418756669195611	1418756679246203	36162	-114.183190	179.206710	-3.312189
497	2014-12-16-18-44-24	1418756670940786	1418756680751045	33529	-115.779023	169.926691	-3.550320
498	2014-12-16-18-44-24	1418756672626176	1418756682175221	30797	-117.525210	160.138691	-3.816513
499	2014-12-16-18-44-24	1418756674293564	1418756683538957	31038	-119.403491	150.266767	-4.019642
500	2014-12-16-18-44-24	1418756675998375	1418756684825916	30193	-121.786038	140.431146	-4.263696
501	2014-12-16-18-44-24	1418756677662474	1418756686132717	30530	-124.323820	131.121291	-4.496352
502	2014-12-16-18-44-24	1418756679226152	1418756687477912	29733	-127.019264	121.025302	-4.768633
503	2014-12-16-18-44-24	1418756680730980	1418756688964548	31930	-129.591161	110.182560	-5.080156
504	2014-12-16-18-44-24	1418756682155170	1418756690770490	34053	-131.866234	98.784537	-5.409501
505	2014-12-16-18-44-24	1418756683538957	1418756692935561	33200	-134.246157	87.961372	-5.685639
506	2014-12-16-18-44-24	1418756684866086	1418756696139196	37691	-139.714453	77.831214	-6.029112
507	2014-12-16-18-44-24	1418756686192980	1418756698244452	42312	-145.796940	71.987706	-6.207731
508	2014-12-16-18-44-24	1418756687538155	1418756699569522	40770	-151.300259	67.903712	-6.284477
509	2014-12-16-18-44-24	1418756689044866	1418756700512068	34696	-156.809029	64.626584	-6.361439
510	2014-12-16-18-44-24	1418756690870736	1418756701193797	30442	-163.409396	62.116008	-6.400749
511	2014-12-16-18-44-24	1418756692935561	1418756702075846	31128	-172.032716	60.684445	-6.426343
512	2014-12-16-18-44-24	1418756694756979	1418756703419556	30553	-182.135792	59.401777	-6.365854
513	2014-12-16-18-44-24	1418756696359282	1418756704783317	29070	-192.117174	57.843320	-6.124315
514	2014-12-16-18-44-24	1418756697862819	1418756706147234	29349	-202.287672	55.904079	-5.895883
515	2014-12-16-18-44-24	1418756699308643	1418756707430720	30469	-212.622285	53.570821	-5.748565
516	2014-12-16-18-44-24	1418756700712503	1418756708693271	29720	-221.996258	51.207404	-5.776616
517	2014-12-16-18-44-24	1418756702095906	1418756709897280	29268	-231.555722	48.612002	-5.852739
518	2014-12-16-18-44-24	1418756703459682	1418756711040149	30495	-241.474722	46.041892	-5.932812
519	2014-12-16-18-44-24	1418756704843533	1418756712161998	32179	-251.534929	43.162084	-6.133393
520	2014-12-16-18-44-24	1418756706187395	1418756713285173	31354	-261.360978	40.193770	-6.385754
521	2014-12-16-18-44-24	1418756707470844	1418756714427256	32579	-271.577490	37.105927	-6.609085
522	2014-12-16-18-44-24	1418756708733369	1418756715588876	34778	-280.768111	34.534139	-6.687127
523	2014-12-16-18-44-24	1418756709937413	1418756716810707	37624	-290.771320	31.763089	-6.650316
524	2014-12-16-18-44-24	1418756711080202	1418756718113711	36861	-301.342921	28.611439	-6.628460
525	2014-12-16-18-44-24	1418756712202101	1418756719495272	36181	-311.655560	25.573329	-6.611741
526	2014-12-16-18-44-24	1418756713325265	1418756720997559	36968	-321.472211	22.596305	-6.556180
527	2014-12-16-18-44-24	1418756714467352	1418756722943246	37075	-332.120787	19.198646	-6.564595
528	2014-12-16-18-44-24	1418756715648963	1418756725829113	34936	-343.733167	15.388205	-6.567208
529	2014-12-16-18-44-24	1418756716870864	1418756746759117	31819	-358.389233	10.412787	-6.763593
530	2014-12-16-18-44-24	1418756718173863	1418756748948434	35882	-363.985365	8.570991	-6.793452
531	2014-12-16-18-44-24	1418756719555334	1418756750773330	40281	-369.176816	6.891968	-6.789765
532	2014-12-16-18-44-24	1418756721097719	1418756752777516	40583	-374.734238	5.073337	-6.778097
533	2014-12-16-18-44-24	1418756723043440	1418756755541869	40805	-381.511566	2.161358	-6.752195
534	2014-12-16-18-44-24	1418756725969388	1418756759829348	42403	-389.332719	-5.020132	-6.717950
535	2014-12-16-18-44-24	1418756746859598	1418756771810941	50941	-384.045506	-25.893182	-6.417868
536	2014-12-16-18-44-24	1418756748988543	1418756770868970	47887	-386.780305	-28.297538	-6.387868
537	2014-12-16-18-44-24	1418756750813467	1418756769866691	44318	-389.084777	-30.575976	-6.384952
538	2014-12-16-18-44-24	1418756752817539	1418756768865137	40921	-390.485073	-33.471580	-6.382794
539	2014-12-16-18-44-24	1418756755141278	1418756768544829	41505	-388.568706	-37.070652	-6.369823
540	2014-12-16-18-44-24	1418756757083604	1418756769165476	41198	-383.607906	-39.601776	-6.343870
541	2014-12-16-18-44-24	1418756759007591	1418756769666395	40531	-377.851758	-41.029781	-6.310775
542	2014-12-16-18-44-24	1418756761131608	1418756770367596	41797	-369.748390	-41.040464	-6.288826
543	2014-12-16-18-44-24	1418756763153729	1418756771670592	43943	-359.123569	-40.309389	-6.250187
544	2014-12-16-18-44-24	1418756764798177	1418756772994023	44136	-348.861638	-39.601419	-6.264730
545	2014-12-16-18-44-24	1418756766300646	1418756774318184	43022	-338.408403	-38.753105	-6.299024
546	2014-12-16-18-44-24	1418756767703012	1418756775701182	43609	-327.803094	-37.924251	-6.325335
547	2014-12-16-18-44-24	1418756769065367	1418756777164642	43147	-317.166060	-37.083226	-6.340229
548	2014-12-16-18-44-24	1418756770407694	1418756778684159	42633	-306.577859	-36.374470	-6.339479
549	2014-12-16-18-44-24	1418756771730735	1418756780202944	41733	-296.279398	-35.692501	-6.320581
550	2014-12-16-18-44-24	1418756773034144	1418756781682615	43432	-286.786102	-35.135072	-6.247457
551	2014-12-16-18-44-24	1418756774358299	1418756783142016	43502	-277.369935	-34.618435	-6.183012
552	2014-12-16-18-44-24	1418756775741278	1418756784601563	41564	-268.447218	-33.814198	-6.170481
553	2014-12-16-18-44-24	1418756777204629	1418756786020972	40323	-259.077230	-33.039563	-6.185273
554	2014-12-16-18-44-24	1418756778724135	1418756787419466	36058	-249.347914	-31.961993	-6.187877
555	2014-12-16-18-44-24	1418756780222929	1418756788798630	35906	-238.777095	-31.133362	-6.189849
556	2014-12-16-18-44-24	1418756781702612	1418756790136438	35681	-227.925968	-30.349110	-6.161573
557	2014-12-16-18-44-24	1418756783181978	1418756791474599	33726	-217.271099	-29.595218	-6.187565
558	2014-12-16-18-44-24	1418756784641535	1418756792792405	32320	-207.880667	-29.392771	-6.209453
559	2014-12-16-18-44-24	1418756786060883	1418756794071966	33810	-198.113117	-29.454386	-6.171415
560	2014-12-16-18-44-24	1418756787459460	1418756795371006	35772	-188.467590	-30.081004	-6.153260
561	2014-12-16-18-44-24	1418756788838579	1418756796668619	35290	-177.702089	-30.763830	-6.109161
562	2014-12-16-18-44-24	1418756790176351	1418756797947029	35931	-166.608415	-32.129164	-6.082648
563	2014-12-16-18-44-24	1418756791494571	1418756799147224	37189	-156.600490	-34.127956	-6.024657
564	2014-12-16-18-44-24	1418756792812409	1418756800346398	42180	-147.362969	-36.664368	-5.873600
565	2014-12-16-18-44-24	1418756794112101	1418756801545009	42941	-138.437302	-39.371510	-5.812440
566	2014-12-16-18-44-24	1418756795390995	1418756802743418	43229	-129.738313	-42.430858	-5.767228
567	2014-12-16-18-44-24	1418756796648676	1418756803942389	42339	-120.628342	-46.232232	-5.702516
568	2014-12-16-18-44-24	1418756797887015	1418756805200904	41348	-111.007697	-50.515780	-5.616389
569	2014-12-16-18-44-24	1418756799107262	1418756806479908	41337	-101.587856	-54.804430	-5.535953
570	2014-12-16-18-44-24	1418756800326421	1418756807780105	39385	-91.978536	-59.181788	-5.469241
571	2014-12-16-18-44-24	1418756801545009	1418756809080243	38583	-83.332814	-63.537660	-5.408233
572	2014-12-16-18-44-24	1418756802763394	1418756810418268	36503	-74.787014	-68.018814	-5.312748
573	2014-12-16-18-44-24	1418756803982336	1418756811755645	34766	-65.914509	-72.699652	-5.207446
574	2014-12-16-18-44-24	1418756805220862	1418756813094251	32016	-57.110018	-77.509679	-5.134680
575	2014-12-16-18-44-24	1418756806499916	1418756814452330	29036	-48.392281	-82.318676	-5.026048
576	2014-12-16-18-44-24	1418756807800105	1418756815812070	27224	-39.329569	-87.736741	-4.815305
577	2014-12-16-18-44-24	1418756809120192	1418756817190876	28418	-30.582626	-93.044047	-4.519699
578	2014-12-16-18-44-24	1418756810458185	1418756818569740	29244	-21.978726	-98.445193	-4.212031
579	2014-12-16-18-44-24	1418756811795587	1418756819928824	30900	-13.225357	-103.732084	-3.880210
580	2014-12-16-18-44-24	1418756813134243	1418756821327310	33095	-4.494344	-108.730176	-3.556464
581	2014-12-16-18-44-24	1418756814492292	1418756822746770	33873	4.222826	-113.671955	-3.219331
582	2014-12-16-18-44-24	1418756815872137	1418756824346908	34268	13.788733	-118.720978	-2.894273
583	2014-12-16-18-44-24	1418756817250816	1418756826124532	36197	23.495537	-123.707347	-2.499536
584	2014-12-16-18-44-24	1418756818629695	1418756828184164	36833	32.953543	-129.052731	-2.112766
585	2014-12-16-18-44-24	1418756820008700	1418756831660300	43769	41.669465	-138.248583	-1.796219
586	2014-12-16-18-44-24	1418756821387208	1418756834794541	50049	44.397351	-148.158208	-1.714333
587	2014-12-16-18-44-24	1418756822806839	1418756836071474	48308	45.263897	-154.145131	-1.676663
588	2014-12-16-18-44-24	1418756824406845	1418756836810249	44267	45.578962	-159.440289	-1.665902
589	2014-12-16-18-44-24	1418756826184523	1418756837329108	38814	44.950725	-165.022015	-1.715397
590	2014-12-16-18-44-24	1418756828124185	1418756837967339	40249	42.522707	-171.567136	-1.850838
591	2014-12-16-18-44-24	1418756830102563	1418756839064987	42101	37.882171	-179.579055	-2.103542
592	2014-12-16-18-44-24	1418756831879819	1418756840501737	41994	31.753014	-188.796307	-2.492679
593	2014-12-16-18-44-24	1418756833417709	1418756842117322	45589	25.388752	-198.034652	-2.860150
594	2014-12-16-18-44-24	1418756834874323	1418756844631033	45768	18.528298	-208.393540	-3.493729
595	2014-12-16-18-44-24	1418756836291056	1418756850426905	43470	9.896858	-221.888590	-4.235425
596	2014-12-16-18-44-24	1418756837688009	1418756854629176	47095	4.686764	-229.234898	-4.603438
597	2014-12-16-18-44-24	1418756839084936	1418756856729895	50852	0.800233	-233.271781	-4.820056
598	2014-12-16-18-44-24	1418756840561609	1418756858432496	50825	-3.576476	-236.575445	-5.029001
599	2014-12-16-18-44-24	1418756842197095	1418756860074642	45801	-8.503656	-239.396815	-5.235171
600	2014-12-16-18-44-24	1418756844810519	1418756861576807	41363	-14.434147	-242.079295	-5.385608
601	2014-12-16-18-44-24	1418756850707191	1418756862957515	33995	-26.657516	-245.867365	-5.698939
602	2014-12-16-18-44-24	1418756854649184	1418756864517354	31849	-41.759262	-248.181166	-6.113426
603	2014-12-16-18-44-24	1418756856349170	1418756866517063	31269	-51.843854	-248.767088	-6.394295
604	2014-12-16-18-44-24	1418756857791810	1418756868436935	32812	-61.343589	-248.662745	-6.619623
605	2014-12-16-18-44-24	1418756859313587	1418756870238087	34357	-69.997253	-247.761044	-6.869410
606	2014-12-16-18-44-24	1418756860956242	1418756871837403	35239	-78.712753	-245.851696	-7.104621
607	2014-12-16-18-44-24	1418756862657583	1418756873296890	34580	-87.303670	-242.752723	-7.325596
608	2014-12-16-18-44-24	1418756864537353	1418756874717036	34884	-96.325249	-238.455774	-7.534034
609	2014-12-16-18-44-24	1418756866517063	1418756876216821	35013	-105.449486	-233.239055	-7.671294
610	2014-12-16-18-44-24	1418756868336928	1418756877916853	31677	-114.647831	-227.332911	-7.753224
611	2014-12-16-18-44-24	1418756869998163	1418756879775509	32209	-123.181470	-221.724097	-7.715240
612	2014-12-16-18-44-24	1418756871557831	1418756881592964	32677	-130.809585	-216.006079	-7.713771
613	2014-12-16-18-44-24	1418756873096681	1418756883430709	35573	-138.224569	-209.307683	-7.695139
614	2014-12-16-18-44-24	1418756874637081	1418756885009633	39814	-144.691234	-201.997229	-7.574594
615	2014-12-16-18-44-24	1418756876236820	1418756886430354	41276	-150.220689	-194.518736	-7.470450
616	2014-12-16-18-44-24	1418756877976794	1418756887869918	39535	-155.099616	-186.817140	-7.454848
617	2014-12-16-18-44-24	1418756879835443	1418756889889061	40086	-159.953411	-176.458098	-7.488696
618	2014-12-16-18-44-24	1418756881572984	1418756894588247	39814	-166.271139	-162.548349	-7.464032
619	2014-12-16-18-44-24	1418756883170805	1418756899233276	40438	-174.969021	-155.266002	-7.486987
620	2014-12-16-18-44-24	1418756884709913	1418756900954348	37787	-180.651499	-152.324019	-7.514734
621	2014-12-16-18-44-24	1418756886170365	1418756902155448	34455	-185.765752	-150.597162	-7.567798
622	2014-12-16-18-44-24	1418756887710066	1418756903016967	28919	-189.739782	-149.764580	-7.596924
623	2014-12-16-18-44-24	1418756889929017	1418756903638118	24513	-194.689078	-149.590043	-7.617696
624	2014-12-16-18-44-24	1418756894548220	1418756904399266	24424	-206.632637	-152.118840	-7.696109
625	2014-12-16-18-44-24	1418756896890458	1418756905940593	26417	-218.905318	-155.060783	-7.742788
626	2014-12-16-18-44-24	1418756898552540	1418756907501550	28317	-229.432621	-156.771804	-7.738718
627	2014-12-16-18-44-24	1418756900013837	1418756908961165	30956	-239.063406	-157.678261	-7.756477
628	2014-12-16-18-44-24	1418756901454429	1418756910401127	33561	-248.534406	-157.952829	-7.787616
629	2014-12-16-18-44-24	1418756902916865	1418756911841112	36256	-258.118964	-157.328865	-7.754081
630	2014-12-16-18-44-24	1418756904419291	1418756913300748	39990	-268.123189	-155.896432	-7.682141
631	2014-12-16-18-44-24	1418756905940593	1418756914820595	41588	-278.422938	-153.750163	-7.639799
632	2014-12-16-18-44-24	1418756907461544	1418756916437493	41029	-288.618082	-151.221852	-7.620110
633	2014-12-16-18-44-24	1418756908901194	1418756918096340	40265	-298.368080	-148.543144	-7.609194
634	2014-12-16-18-44-24	1418756910321168	1418756919796045	39969	-307.871134	-146.331030	-7.635677
635	2014-12-16-18-44-24	1418756911761145	1418756921535833	38681	-317.331903	-144.514397	-7.689460
636	2014-12-16-18-44-24	1418756913260729	1418756923296043	36462	-326.793950	-143.224834	-7.746025
637	2014-12-16-18-44-24	1418756914840562	1418756925195193	36857	-337.345495	-142.766739	-7.768084
638	2014-12-16-18-44-24	1418756916497406	1418756927491859	35089	-348.810237	-142.950034	-7.766681
639	2014-12-16-18-44-24	1418756918156321	1418756932288788	36911	-363.155675	-144.737661	-7.761458
640	2014-12-16-18-44-24	1418756919816031	1418756958729476	43743	-374.670736	-145.314523	-7.748334
641	2014-12-16-18-44-24	1418756921495844	1418756961892609	54901	-381.118403	-142.131524	-7.627235
642	2014-12-16-18-44-24	1418756923236000	1418756963652722	54878	-385.199968	-139.009820	-7.554927
643	2014-12-16-18-44-24	1418756925155270	1418756964872458	50647	-388.606194	-135.921276	-7.527181
644	2014-12-16-18-44-24	1418756927511825	1418756965792993	47879	-391.639918	-132.345548	-7.495891
645	2014-12-16-18-44-24	1418756932448415	1418756966073000	41139	-395.031581	-125.800132	-7.404978
646	2014-12-16-18-44-24	1418756957968168	1418756967351868	43779	-398.874862	-109.777968	-7.162404
647	2014-12-16-18-44-24	1418756959571030	1418756969669985	44611	-401.244191	-97.736959	-7.054352
648	2014-12-16-18-44-24	1418756960971806	1418757016342530	39970	-404.442070	-81.923621	-7.047658
649	2014-12-16-18-44-24	1418756962412614	1418757018990157	42215	-405.935162	-74.917098	-7.167511
650	2014-12-16-18-44-24	1418756963932843	1418757020757100	41574	-407.087922	-69.498010	-7.287514
651	2014-12-16-18-44-24	1418756965572843	1418757022500237	39608	-408.219769	-63.547766	-7.348403
652	2014-12-16-18-44-24	1418756967391817	1418757025383975	38847	-409.677426	-55.003441	-7.422426
653	2014-12-16-18-44-24	1418756969749806	1418757044909477	38294	-411.166442	-41.914166	-7.634560
654	2014-12-16-18-44-24	1418757016382654	1418757047171552	32460	-412.448378	-28.239654	-7.827057
655	2014-12-16-18-44-24	1418757019030332	1418757049895725	38562	-410.743102	-18.763379	-7.812704
656	2014-12-16-18-44-24	1418757020797202	1418757051897369	43038	-407.705153	-13.425970	-7.741913
657	2014-12-16-18-44-24	1418757022560316	1418757053217958	41063	-404.640768	-9.305353	-7.722542
658	2014-12-16-18-44-24	1418757025764156	1418757054258470	38774	-400.224569	-4.504868	-7.739838
659	2014-12-16-18-44-24	1418757044909477	1418757055178848	40520	-390.178214	4.542124	-7.677231
660	2014-12-16-18-44-24	1418757046911194	1418757056279485	41891	-381.744817	8.424768	-7.735432
661	2014-12-16-18-44-24	1418757048673627	1418757057642123	42532	-372.632940	11.791853	-7.718845
662	2014-12-16-18-44-24	1418757050316199	1418757059063123	42012	-362.791254	14.986973	-7.720484
663	2014-12-16-18-44-24	1418757051857363	1418757060444446	41432	-353.180234	17.989477	-7.690323
664	2014-12-16-18-44-24	1418757053357973	1418757061805267	42079	-343.363919	20.772131	-7.700036
665	2014-12-16-18-44-24	1418757054818724	1418757063146808	41418	-333.947709	23.263385	-7.727509
666	2014-12-16-18-44-24	1418757056259466	1418757064488717	40584	-324.383351	25.765924	-7.768729
667	2014-12-16-18-44-24	1418757057682174	1418757066130427	40779	-313.982094	28.422857	-7.792030
668	2014-12-16-18-44-24	1418757059103142	1418757068211841	41820	-302.102319	31.602368	-7.712007
669	2014-12-16-18-44-24	1418757060484438	1418757070074269	43522	-291.724897	34.414664	-7.588685
670	2014-12-16-18-44-24	1418757061845329	1418757071857884	43041	-282.472873	37.074710	-7.435012
671	2014-12-16-18-44-24	1418757063186889	1418757073878088	42327	-274.165409	39.426735	-7.315277
672	2014-12-16-18-44-24	1418757064548771	1418757076897604	42376	-263.274492	42.569764	-6.884603
673	2014-12-16-18-44-24	1418757066230547	1418757082510939	45660	-249.732683	46.520560	-6.275351
674	2014-12-16-18-44-24	1418757068291926	1418757085023078	45135	-241.854665	48.882827	-6.054193
675	2014-12-16-18-44-24	1418757070154412	1418757086730582	43882	-235.360380	50.740215	-5.936130
676	2014-12-16-18-44-24	1418757071957986	1418757088355989	41168	-229.247724	52.437072	-5.853365
677	2014-12-16-18-44-24	1418757073958098	1418757089960308	39794	-223.354918	54.028197	-5.752145
678	2014-12-16-18-44-24	1418757077037725	1418757091563450	33063	-215.251415	56.124979	-5.795962
679	2014-12-16-18-44-24	1418757082611415	1418757093246884	27763	-198.998508	60.108570	-6.114062
680	2014-12-16-18-44-24	1418757085063278	1418757095050121	27112	-186.943024	62.376481	-6.327006
681	2014-12-16-18-44-24	1418757086770732	1418757096993141	28013	-176.397364	64.092315	-6.414691
682	2014-12-16-18-44-24	1418757088376057	1418757099277719	30191	-165.634342	66.185784	-6.412924
683	2014-12-16-18-44-24	1418757089980344	1418757102347344	37193	-154.617610	71.728543	-6.226799
684	2014-12-16-18-44-24	1418757091603516	1418757105477000	41693	-146.807194	79.433181	-6.049019
685	2014-12-16-18-44-24	1418757093287155	1418757118448425	41628	-139.589708	91.575002	-5.813226
686	2014-12-16-18-44-24	1418757095070156	1418757120393947	42439	-136.784052	96.461045	-5.683388
687	2014-12-16-18-44-24	1418757097013180	1418757121637635	42355	-134.789787	101.117176	-5.563407
688	2014-12-16-18-44-24	1418757099117278	1418757123183033	42141	-133.267211	106.929732	-5.431872
689	2014-12-16-18-44-24	1418757100962534	1418757125167670	41336	-131.851451	113.234846	-5.304024
690	2014-12-16-18-44-24	1418757102688557	1418757127034622	37810	-130.376695	119.126979	-5.176486
691	2014-12-16-18-44-24	1418757105016230	1418757128779269	35500	-128.654288	125.479883	-5.033673
692	2014-12-16-18-44-24	1418757118307935	1418757130522389	36785	-124.611102	140.468243	-4.673547
693	2014-12-16-18-44-24	1418757121135866	1418757132264920	35100	-121.813779	151.817290	-4.442119
694	2014-12-16-18-44-24	1418757123223105	1418757134006971	34126	-119.695452	162.341230	-4.218647
695	2014-12-16-18-44-24	1418757125207726	1418757135709211	37354	-117.792749	172.783644	-3.961777
696	2014-12-16-18-44-24	1418757127074753	1418757137570261	38313	-115.641674	183.183147	-3.704592
697	2014-12-16-18-44-24	1418757128819339	1418757139973500	44787	-111.394914	193.844771	-3.371531
698	2014-12-16-18-44-24	1418757130542414	1418757142178150	56493	-105.475833	201.066567	-3.073754
699	2014-12-16-18-44-24	1418757132244892	1418757143319582	56615	-100.133738	205.937094	-2.806373
700	2014-12-16-18-44-24	1418757133946933	1418757144080240	50615	-94.513271	209.799301	-2.601203
701	2014-12-16-18-44-24	1418757135669189	1418757144861662	47623	-87.131440	212.652681	-2.415172
702	2014-12-16-18-44-24	1418757137410301	1418757145722950	44930	-78.375526	214.207494	-2.226451
703	2014-12-16-18-44-24	1418757139071784	1418757146865220	43985	-67.807153	214.910611	-1.995197
704	2014-12-16-18-44-24	1418757140575047	1418757148207426	42693	-56.664868	215.562216	-1.737624
705	2014-12-16-18-44-24	1418757141937936	1418757149689479	42799	-45.756763	216.296833	-1.474759
706	2014-12-16-18-44-24	1418757143219517	1418757151432100	43414	-34.651873	217.302514	-1.227844
707	2014-12-16-18-44-24	1418757144440745	1418757153976326	42202	-22.987896	218.860532	-1.057177
708	2014-12-16-18-44-24	1418757145662829	1418757160531122	47855	-10.486651	228.532752	-0.891886
709	2014-12-16-18-44-24	1418757146925289	1418757162637077	45836	-7.366335	234.442886	-0.807068
710	2014-12-16-18-44-24	1418757148287493	1418757163738741	37955	-5.349566	239.054294	-0.729980
711	2014-12-16-18-44-24	1418757149769655	1418757164339383	35101	-3.908700	242.807120	-0.696366
712	2014-12-16-18-44-24	1418757151512247	1418757164679687	32951	-3.049782	246.821266	-0.691846
713	2014-12-16-18-44-24	1418757154076439	1418757164979864	32148	-3.645953	253.384250	-0.627351
714	2014-12-16-18-44-24	1418757156780815	1418757166421234	33298	-7.221807	265.489883	-0.502646
715	2014-12-16-18-44-24	1418757158626008	1418757168023682	34058	-10.458223	276.249082	-0.418042
716	2014-12-16-18-44-24	1418757160230367	1418757169624518	34993	-13.360140	286.113256	-0.359783
717	2014-12-16-18-44-24	1418757161775263	1418757171225770	36128	-16.195097	295.692022	-0.328539
718	2014-12-16-18-44-24	1418757163298091	1418757172747488	35847	-18.910513	305.198804	-0.371633
719	2014-12-16-18-44-24	1418757164859804	1418757174269130	37645	-21.329289	314.140456	-0.405487
720	2014-12-16-18-44-24	1418757166461288	1418757175772506	37822	-24.016063	323.729098	-0.490178
721	2014-12-16-18-44-24	1418757168063692	1418757177234452	37668	-26.735648	333.213818	-0.573865
722	2014-12-16-18-44-24	1418757169664603	1418757178716904	37130	-29.646621	342.690998	-0.662561
723	2014-12-16-18-44-24	1418757171265783	1418757180198070	37073	-32.583758	352.221288	-0.785502
724	2014-12-16-18-44-24	1418757172807591	1418757181659802	37310	-35.534591	362.158519	-0.885601
725	2014-12-16-18-44-24	1418757174309205	1418757183162775	36706	-38.485978	372.323853	-0.971308
726	2014-12-16-18-44-24	1418757175792541	1418757184684638	36613	-41.389686	382.437403	-0.967589
727	2014-12-16-18-44-24	1418757177274497	1418757186207339	36658	-44.234202	392.428257	-0.993614
728	2014-12-16-18-44-24	1418757178756959	1418757187789467	36930	-47.000278	402.186729	-0.959692
729	2014-12-16-18-44-24	1418757180238082	1418757189292948	38462	-49.496576	411.370601	-0.874575
730	2014-12-16-18-44-24	1418757181719885	1418757190755804	38969	-52.201354	420.612704	-0.800587
731	2014-12-16-18-44-24	1418757183222839	1418757192219521	41020	-54.976930	430.026521	-0.735230
732	2014-12-16-18-44-24	1418757184764709	1418757193921968	43370	-58.085741	440.370850	-0.779032
733	2014-12-16-18-44-24	1418757186287466	1418757196326030	45220	-61.870068	451.437039	-0.868781
734	2014-12-16-18-44-24	1418757187869678	1418757198532730	48265	-66.202897	461.055016	-0.929695
735	2014-12-16-18-44-24	1418757189373119	1418757200295709	50993	-70.714536	469.339119	-1.020758
736	2014-12-16-18-44-24	1418757190836058	1418757201958380	49765	-75.093095	477.055924	-1.143310
737	2014-12-16-18-44-24	1418757192299621	1418757203739936	48612	-79.617166	484.819911	-1.226813
738	2014-12-16-18-44-24	1418757194002106	1418757205859903	47579	-84.632152	493.754682	-1.277415
739	2014-12-16-18-44-24	1418757196386227	1418757209323479	48683	-88.859134	506.623347	-1.230201
740	2014-12-16-18-44-24	1418757198412397	1418757212750447	49446	-87.738005	517.828004	-1.157199
741	2014-12-16-18-44-24	1418757200155356	1418757240168713	57187	-64.709298	502.630313	-1.017704
742	2014-12-16-18-44-24	1418757201838336	1418757238466183	55661	-63.930835	505.980177	-1.009531
743	2014-12-16-18-44-24	1418757203619761	1418757236783759	52568	-62.545058	509.021571	-1.010026
744	2014-12-16-18-44-24	1418757205639914	1418757235080038	55906	-60.191740	511.575850	-1.019180
745	2014-12-16-18-44-24	1418757207922413	1418757233657404	55783	-56.933965	512.943440	-1.027570
746	2014-12-16-18-44-24	1418757209904809	1418757232755087	59282	-53.882705	512.736066	-1.019047
747	2014-12-16-18-44-24	1418757211809147	1418757231732601	61233	-50.863981	511.900228	-1.030670
748	2014-12-16-18-44-24	1418757213912344	1418757231071445	61584	-48.408195	509.764980	-1.037353
749	2014-12-16-18-44-24	1418757215977595	1418757232073222	60548	-48.206658	503.847788	-1.106395
750	2014-12-16-18-44-24	1418757217861584	1418757233316454	57180	-49.454742	497.856721	-1.111886
751	2014-12-16-18-44-24	1418757219644183	1418757234819543	48813	-51.649199	491.566360	-1.083801
752	2014-12-16-18-44-24	1418757221585228	1418757236262889	49820	-54.420442	485.025522	-1.025707
753	2014-12-16-18-44-24	1418757223845696	1418757238105769	52738	-58.016536	476.968723	-1.007145
754	2014-12-16-18-44-24	1418757226005716	1418757240008521	53838	-60.562983	468.767906	-0.996605
755	2014-12-16-18-44-24	1418757227926073	1418757241330432	48953	-61.643693	461.711094	-0.935438
756	2014-12-16-18-44-24	1418757230089480	1418757242112128	43689	-61.659456	455.068309	-0.837651
757	2014-12-16-18-44-24	1418757232674828	1418757243093547	45473	-59.736886	446.045167	-0.714454
758	2014-12-16-18-44-24	1418757234739217	1418757244717506	43613	-56.648513	435.653550	-0.669776
759	2014-12-16-18-44-24	1418757236503165	1418757246321854	40711	-53.862393	425.845983	-0.663525
760	2014-12-16-18-44-24	1418757238145807	1418757248247227	38485	-50.891889	415.446888	-0.616689
761	2014-12-16-18-44-24	1418757239808292	1418757251333204	37684	-47.046657	403.038609	-0.500858
762	2014-12-16-18-44-24	1418757241490707	1418757258049255	45055	-36.436031	393.129382	-0.535121
763	2014-12-16-18-44-24	1418757243133623	1418757259972337	43955	-30.674493	390.458627	-0.563403
764	2014-12-16-18-44-24	1418757244757627	1418757261115053	40419	-25.890061	388.804295	-0.572547
765	2014-12-16-18-44-24	1418757246382008	1418757261816369	35086	-21.720439	387.903008	-0.585008
766	2014-12-16-18-44-24	1418757248327339	1418757262157074	26151	-17.416108	387.688669	-0.617817
767	2014-12-16-18-44-24	1418757251373331	1418757262598260	25306	-9.354285	389.896801	-0.732031
768	2014-12-16-18-44-24	1418757254019399	1418757264242350	25466	2.319316	394.637927	-0.781845
769	2014-12-16-18-44-24	1418757255964834	1418757265884371	25892	12.503123	398.552355	-0.764053
770	2014-12-16-18-44-24	1418757257667899	1418757267525740	26158	22.200359	402.208037	-0.748406
771	2014-12-16-18-44-24	1418757259311348	1418757269127257	27233	31.091115	405.481803	-0.705108
772	2014-12-16-18-44-24	1418757260954657	1418757270810867	28610	40.617928	409.061702	-0.693650
773	2014-12-16-18-44-24	1418757262598260	1418757272792336	29664	50.704444	412.837470	-0.708774
774	2014-12-16-18-44-24	1418757264262371	1418757288383649	29771	67.520897	420.299926	-0.719155
775	2014-12-16-18-44-24	1418757265924406	1418757291895219	35143	74.718425	423.272508	-0.663275
776	2014-12-16-18-44-24	1418757267565764	1418757304693058	41336	83.557435	427.792795	-0.384123
777	2014-12-16-18-44-24	1418757269167322	1418757307325461	45983	87.868915	430.876934	-0.225339
778	2014-12-16-18-44-24	1418757270830896	1418757309893943	49442	91.116778	435.186781	-0.046241
779	2014-12-16-18-44-24	1418757272852381	1418757311541342	46860	93.233345	439.228418	0.081117
780	2014-12-16-18-44-24	1418757288523909	1418757312666480	42623	97.755226	447.148650	0.497066
781	2014-12-16-18-44-24	1418757291975403	1418757313509984	36820	98.905648	453.169251	0.698680
782	2014-12-16-18-44-24	1418757304592512	1418757314433768	37019	99.105979	468.919713	0.949415
783	2014-12-16-18-44-24	1418757306622375	1418757315738548	37755	97.003606	478.755002	0.935404
784	2014-12-16-18-44-24	1418757308228728	1418757317223007	34920	94.668012	488.508264	0.842781
785	2014-12-16-18-44-24	1418757309733292	1418757318726704	33678	92.451039	498.981342	0.859848
786	2014-12-16-18-44-24	1418757311239819	1418757320252716	35729	90.952268	509.036178	0.935863
787	2014-12-16-18-44-24	1418757312766913	1418757321777461	34799	89.649791	518.710773	0.779696
788	2014-12-16-18-44-24	1418757314273243	1418757323261985	31026	88.757587	528.644005	0.631358
789	2014-12-16-18-44-24	1418757315778682	1418757324725088	29996	88.702466	538.286129	0.484811
790	2014-12-16-18-44-24	1418757317263118	1418757326068692	30246	89.180145	547.482696	0.329401
791	2014-12-16-18-44-24	1418757318786887	1418757327392297	28464	89.889135	558.000237	-0.018142
792	2014-12-16-18-44-24	1418757320312940	1418757328714723	28509	90.448548	568.380503	-0.425084
793	2014-12-16-18-44-24	1418757321817592	1418757330035937	29876	91.013379	578.828063	-0.588851
794	2014-12-16-18-44-24	1418757323302078	1418757331357060	32223	91.574531	589.508264	-0.746034
795	2014-12-16-18-44-24	1418757324745145	1418757332638286	36489	91.668719	599.968445	-0.793959
796	2014-12-16-18-44-24	1418757326128828	1418757333942655	39453	91.255931	610.180569	-0.743401
797	2014-12-16-18-44-24	1418757327452438	1418757335226134	39799	90.837312	619.996289	-0.806186
798	2014-12-16-18-44-24	1418757328774842	1418757336488091	42943	90.543823	629.567880	-0.771136
799	2014-12-16-18-44-24	1418757330075985	1418757337771363	44184	90.276222	639.468612	-0.757435
800	2014-12-16-18-44-24	1418757331377081	1418757339053758	45320	89.946634	649.654897	-0.753451
801	2014-12-16-18-44-24	1418757332678353	1418757340356724	42548	89.706528	659.877462	-0.795726
802	2014-12-16-18-44-24	1418757333962725	1418757341639029	42673	89.181377	669.942618	-0.841987
803	2014-12-16-18-44-24	1418757335246178	1418757342902306	44109	88.220258	679.442428	-0.770968
804	2014-12-16-18-44-24	1418757336528174	1418757344145118	41490	87.052016	689.083128	-0.692667
805	2014-12-16-18-44-24	1418757337811453	1418757345330094	40929	85.826343	698.693104	-0.605987
806	2014-12-16-18-44-24	1418757339093843	1418757346492963	40390	84.381216	708.945394	-0.497166
807	2014-12-16-18-44-24	1418757340376761	1418757347555111	41745	82.732264	718.805511	-0.369419
808	2014-12-16-18-44-24	1418757341659085	1418757348557420	40141	81.132456	728.509689	-0.240948
809	2014-12-16-18-44-24	1418757342942367	1418757349520914	39615	79.891606	738.701275	-0.080193
810	2014-12-16-18-44-24	1418757344165183	1418757350463587	39863	78.567199	748.305682	-0.002146
811	2014-12-16-18-44-24	1418757345370229	1418757351385439	39165	77.308938	757.870734	0.006803
812	2014-12-16-18-44-24	1418757346512996	1418757352287981	35155	76.378151	768.357016	0.167226
813	2014-12-16-18-44-24	1418757347595169	1418757353190719	37962	75.407168	779.202002	0.332449
814	2014-12-16-18-44-24	1418757348597543	1418757354073852	38638	74.618417	789.142942	0.397236
815	2014-12-16-18-44-24	1418757349561046	1418757354957130	34849	73.239386	799.186961	0.298571
816	2014-12-16-18-44-24	1418757350503672	1418757355819802	33505	72.415912	809.287233	0.369957
817	2014-12-16-18-44-24	1418757351425526	1418757356703403	31647	71.691571	819.312475	0.524112
818	2014-12-16-18-44-24	1418757352328080	1418757357585913	33933	70.518212	829.886142	0.446676
819	2014-12-16-18-44-24	1418757353230860	1418757358488076	34474	69.559330	840.532958	0.296893
820	2014-12-16-18-44-24	1418757354113986	1418757359391105	34403	68.570466	850.365910	0.145656
821	2014-12-16-18-44-24	1418757354997284	1418757360314318	36554	68.132504	860.455343	0.136978
822	2014-12-16-18-44-24	1418757355880035	1418757361236415	37948	67.336180	870.459367	0.048204
823	2014-12-16-18-44-24	1418757356763600	1418757362178420	36791	66.467665	880.420616	-0.161357
824	2014-12-16-18-44-24	1418757357646060	1418757363139965	34614	65.373050	891.038544	-0.330066
825	2014-12-16-18-44-24	1418757358548232	1418757364141945	37196	64.119137	901.269549	-0.442716
826	2014-12-16-18-44-24	1418757359451348	1418757365164053	36930	63.000588	911.092570	-0.530419
827	2014-12-16-18-44-24	1418757360374497	1418757366204489	35407	61.403664	921.508438	-0.687445
828	2014-12-16-18-44-24	1418757361296529	1418757367285449	34610	59.749779	931.739273	-0.838915
829	2014-12-16-18-44-24	1418757362238521	1418757368366841	34051	57.983361	940.914218	-0.874621
830	2014-12-16-18-44-24	1418757363200098	1418757369429861	31698	56.233959	950.442155	-0.924361
831	2014-12-16-18-44-24	1418757364202239	1418757370493600	30073	54.447543	960.167017	-0.963504
832	2014-12-16-18-44-24	1418757365224122	1418757371556815	29190	52.770719	969.803679	-1.001942
833	2014-12-16-18-44-24	1418757366264515	1418757372598790	29071	51.149222	980.150319	-0.959141
834	2014-12-16-18-44-24	1418757367345512	1418757373639846	31347	49.481477	991.053782	-0.810282
835	2014-12-16-18-44-24	1418757368426948	1418757374680585	33182	48.017803	1001.129702	-0.665595
836	2014-12-16-18-44-24	1418757369490069	1418757375721135	36481	46.554917	1011.159826	-0.500429
837	2014-12-16-18-44-24	1418757370553789	1418757376783169	41172	44.926516	1021.245839	-0.397224
838	2014-12-16-18-44-24	1418757371596895	1418757377804997	42046	43.497963	1030.253666	-0.317189
839	2014-12-16-18-44-24	1418757372638867	1418757378847714	39873	41.806961	1039.760900	-0.325144
840	2014-12-16-18-44-24	1418757373679849	1418757379930641	39506	40.081716	1050.163385	-0.332537
841	2014-12-16-18-44-24	1418757374720591	1418757381153324	39213	38.423102	1060.648637	-0.326099
842	2014-12-16-18-44-24	1418757375761194	1418757382596709	39503	36.763085	1071.917843	-0.355531
843	2014-12-16-18-44-24	1418757376823258	1418757384682271	39406	33.964851	1084.034281	-0.268927
844	2014-12-16-18-44-24	1418757377865164	1418757389512700	53904	22.288690	1094.321149	-0.588768
845	2014-12-16-18-44-24	1418757378907854	1418757391016755	50771	16.283795	1096.718349	-0.693513
846	2014-12-16-18-44-24	1418757380010929	1418757391777991	47549	11.592275	1098.336290	-0.800504
847	2014-12-16-18-44-24	1418757381253548	1418757392158202	45208	7.536249	1099.449880	-0.908666
848	2014-12-16-18-44-24	1418757382697002	1418757392298205	44010	3.081811	1099.834131	-1.026943
849	2014-12-16-18-44-24	1418757384582110	1418757392778188	45460	-4.232295	1098.195151	-1.320009
850	2014-12-16-18-44-24	1418757386324748	1418757393918860	43463	-14.096106	1094.506946	-1.533923
851	2014-12-16-18-44-24	1418757387728651	1418757395162113	44312	-23.968301	1090.739148	-1.700768
852	2014-12-16-18-44-24	1418757389011243	1418757396445584	43473	-33.844720	1086.889492	-1.788649
853	2014-12-16-18-44-24	1418757390254547	1418757397706800	44562	-43.151225	1083.249442	-1.797146
854	2014-12-16-18-44-24	1418757391497550	1418757399007661	44085	-53.033426	1079.488812	-1.807547
855	2014-12-16-18-44-24	1418757392718174	1418757400290879	45270	-62.594989	1075.917340	-1.781007
856	2014-12-16-18-44-24	1418757393958907	1418757401654904	46420	-72.034548	1072.420176	-1.712365
857	2014-12-16-18-44-24	1418757395222281	1418757403058726	46471	-81.439530	1068.884849	-1.634896
858	2014-12-16-18-44-24	1418757396505736	1418757404602998	45241	-91.353439	1065.164409	-1.604743
859	2014-12-16-18-44-24	1418757397786833	1418757406626335	48047	-102.197407	1060.617810	-1.466359
860	2014-12-16-18-44-24	1418757399067765	1418757430353899	43400	-117.162801	1051.910713	-1.400484
861	2014-12-16-18-44-24	1418757400371169	1418757435191435	50200	-122.456511	1044.319278	-1.341882
862	2014-12-16-18-44-24	1418757401715078	1418757436754947	48893	-124.203649	1039.913678	-1.345896
863	2014-12-16-18-44-24	1418757403118904	1418757437695866	46367	-125.372125	1036.298597	-1.354849
864	2014-12-16-18-44-24	1418757404663057	1418757438296211	44482	-126.011205	1032.950566	-1.349444
865	2014-12-16-18-44-24	1418757406666441	1418757438776774	38208	-125.978640	1028.967242	-1.400814
866	2014-12-16-18-44-24	1418757430152952	1418757439337235	35924	-122.005426	1016.093687	-1.484979
867	2014-12-16-18-44-24	1418757432582823	1418757440577760	35288	-116.451719	1004.444200	-1.575307
868	2014-12-16-18-44-24	1418757434088211	1418757441840493	31398	-111.490949	994.474801	-1.746394
869	2014-12-16-18-44-24	1418757435452077	1418757443084227	30913	-106.745113	985.113498	-1.817024
870	2014-12-16-18-44-24	1418757436754947	1418757444284996	28943	-102.358454	976.007663	-1.917912
871	2014-12-16-18-44-24	1418757438056065	1418757445486024	29938	-97.812737	967.303890	-1.913690
872	2014-12-16-18-44-24	1418757439337235	1418757446667061	28223	-93.222215	958.597535	-1.907952
873	2014-12-16-18-44-24	1418757440597773	1418757447848780	31222	-88.351863	949.361999	-1.889346
874	2014-12-16-18-44-24	1418757441860582	1418757449050485	32045	-83.568108	940.100909	-1.860133
875	2014-12-16-18-44-24	1418757443104260	1418757450271946	34032	-78.939698	930.724158	-1.827121
876	2014-12-16-18-44-24	1418757444325031	1418757451514372	36643	-74.386064	921.637196	-1.776406
877	2014-12-16-18-44-24	1418757445526033	1418757452835788	39219	-69.935154	912.392106	-1.750769
878	2014-12-16-18-44-24	1418757446727114	1418757454358035	37863	-65.573885	903.049585	-1.735731
879	2014-12-16-18-44-24	1418757447908909	1418757456421320	36812	-60.688075	891.937182	-1.681674
880	2014-12-16-18-44-24	1418757449110553	1418757490526991	40123	-43.113098	874.476110	-1.642365
881	2014-12-16-18-44-24	1418757450332027	1418757495692218	46009	-38.430548	872.575615	-1.443584
882	2014-12-16-18-44-24	1418757451574454	1418757498036298	47204	-35.775665	870.612241	-1.378338
883	2014-12-16-18-44-24	1418757452895842	1418757500319527	46409	-33.209369	868.340916	-1.309666
884	2014-12-16-18-44-24	1418757454418128	1418757502702249	42965	-30.492596	866.107744	-1.236173
885	2014-12-16-18-44-24	1418757456541577	1418757506064970	40129	-26.159724	863.676991	-1.182163
